# WWW History 2.4
# DAILY COUNTERS for summary period 1-30 Apr 2008
DAY 01/04/2008:	    219     150      17      73      56 9825488
DAY 02/04/2008:	    304     254      10     151      38 18613942
DAY 03/04/2008:	    338     217      53     109      53 18057288
DAY 04/04/2008:	    236     161      26      69      50 20354368
DAY 05/04/2008:	    142      95      12      24      40 15237154
DAY 06/04/2008:	    319     238      17      77      75 26825728
DAY 07/04/2008:	    335     276       5      67      57 15105739
DAY 08/04/2008:	    246     157      44      91      72 9953854
DAY 09/04/2008:	    286     230      11     141      44 16704542
DAY 10/04/2008:	    296     225      15      45      52 22025076
DAY 11/04/2008:	    247     169      26      62      57 21832288
DAY 12/04/2008:	    216     169      10      50      84 21940528
DAY 13/04/2008:	    217     144      19      63      53 17859904
DAY 14/04/2008:	    348     275      14      79      72 25949620
DAY 15/04/2008:	    352     263      40     136      87 29753478
DAY 16/04/2008:	    326     258      24     100      50 32204458
DAY 17/04/2008:	    290     230       7      74      54 19663074
DAY 18/04/2008:	    277     184      47     100      53 12768413
DAY 19/04/2008:	    286     180       8      45      43 24502600
DAY 20/04/2008:	    164      88      22      35      58 10371077
DAY 21/04/2008:	    392     275      13      80      58 16974880
DAY 22/04/2008:	    365     289      29     167      69 36766148
DAY 23/04/2008:	    206     147      18      72      51 16079456
DAY 24/04/2008:	    317     189      14      51      61 10368440
DAY 25/04/2008:	    182     113      12      57      45 10627422
DAY 26/04/2008:	    131      74      10      45      39 2877589
DAY 27/04/2008:	    229     151      25      53      50 10249888
DAY 28/04/2008:	    291     208      25      61      59 13035632
DAY 29/04/2008:	    312     222      31      75      73 15745712
CUR 30/04/2008:	      7       4       1       4       2 163851
checksum	   7876    5635     605    2256    1655 522437472

# MONTHLY COUNTERS for the last 12 months
LASTMON: 04/2008
MON 01/2008:	   7501    5490     489    1986    1443 594491008
MON 02/2008:	   6953    5110     330    1761    1146 424719296
MON 03/2008:	   8112    5730     507    3177    1460 400895360
MON 04/2007:	   5014    3500     377    1300     732 282003584
MON 05/2007:	   5232    3356     727    1247     837 252911232
MON 06/2007:	   4994    3297     372    1526    1044 325461888
MON 07/2007:	   6349    3538     366    1351    1467 768143104
MON 08/2007:	   6981    3810     538    1165    1653 977340352
MON 09/2007:	   4865    3436     156    1128    1189 481259360
MON 10/2007:	   7760    5460     266    1724    1606 733721280
MON 11/2007:	   8498    5645    1226    1908    1328 793484032
MON 12/2007:	   6992    4585     365    1727    1394 641115840
checksum	  79251   52957    5719   20000   15299 6675545792

