# WWW History 2.4
# DAILY COUNTERS for summary period 1-28 Feb 2007
DAY 01/02/2007:	    178      96      54      31      22 1724392
DAY 02/02/2007:	    112      37      43      34      24 5633076
DAY 03/02/2007:	    221     104      30      80      28 5027508
DAY 04/02/2007:	    327     256      53      67      25 6161298
DAY 05/02/2007:	     80      57       7      24      18 1329983
DAY 06/02/2007:	     67      36       8      18      19 756792
DAY 07/02/2007:	    124      97       0      35      25 4900072
DAY 08/02/2007:	    108      69       6      29      29 1364106
DAY 09/02/2007:	     81      46       8      26      14 580265
DAY 10/02/2007:	     90      56       8      26      20 981940
DAY 11/02/2007:	     80      50       1      23      18 1177488
DAY 12/02/2007:	     84      62       2      18      14 1579377
DAY 13/02/2007:	    138     108       0      38      31 3132871
DAY 14/02/2007:	     81      57       1      20      18 4386486
DAY 15/02/2007:	    112      85       0      20      19 3628690
DAY 16/02/2007:	    181      88      10      47      30 1236643
DAY 17/02/2007:	     63      36       0      35      16 3967805
DAY 18/02/2007:	     98      68       0      24      23 963958
DAY 19/02/2007:	     98      75       0      31      16 2220494
DAY 20/02/2007:	     97      56      14      27      23 1732588
DAY 21/02/2007:	    135      73      35      36      23 5563558
DAY 22/02/2007:	    136      53       2      22      23 949183
DAY 23/02/2007:	     46      15      12      12      19 174702
DAY 24/02/2007:	     65      47       2      13      12 734917
DAY 25/02/2007:	     50      39       2      28      11 796780
DAY 26/02/2007:	    208     149      25      50      23 2026183
DAY 27/02/2007:	     68      41       4      25      23 419619
CUR 28/02/2007:	      2       1       0       1       1 12069
checksum	   3130    1957     327     840     567 63162620

# MONTHLY COUNTERS for the last 12 months
LASTMON: 02/2007
MON 01/2007:	   3646    2295     332     995     811 75101480
MON 02/2006:	   2541    1745     186     643     429 46797512
MON 03/2006:	   2730    1779     251     769     526 68291680
MON 04/2006:	   2808    2006     229     685     466 60178760
MON 05/2006:	   2642    1708     192     662     450 35182564
MON 06/2006:	   2757    1794     217     739     486 54111740
MON 07/2006:	   2242    1379     164     724     467 40827096
MON 08/2006:	   2496    1749     167     637     433 45396144
MON 09/2006:	   3520    2575     137     900     598 70906408
MON 10/2006:	   3649    2685     128    1390     511 63750532
MON 11/2006:	   3313    2287     150    1018     551 72498144
MON 12/2006:	   3430    1858     325    1114     835 71436520
checksum	  35774   23860    2478   10276    6563 704478568

