# WWW History 2.4
# DAILY COUNTERS for summary period 1-31 Jan 2007
DAY 01/01/2007:	     88      57       8      26      21 1456640
DAY 02/01/2007:	     87      53       6      25      22 1048638
DAY 03/01/2007:	     68      35       8      24      26 516589
DAY 04/01/2007:	    352     214      99      60     114 3479193
DAY 05/01/2007:	    112      64      14      41      33 1451654
DAY 06/01/2007:	     79      49       4      41      21 894027
DAY 07/01/2007:	     60      33       4      24      17 741337
DAY 08/01/2007:	     50      27       1      11      15 503230
DAY 09/01/2007:	    110      71      13      19      23 1605489
DAY 10/01/2007:	    176     142       6      35      30 2027247
DAY 11/01/2007:	    132      39       5      27      34 940260
DAY 12/01/2007:	    100      63       9      29      15 1264781
DAY 13/01/2007:	     42      15       2      15      20 6657150
DAY 14/01/2007:	     48      20       2      17      18 387528
DAY 15/01/2007:	    154     112       0      46      17 3280582
DAY 16/01/2007:	     78      50       0      23      21 898323
DAY 17/01/2007:	    115      79       3      39      24 2304562
DAY 18/01/2007:	    112      85       0      32      21 1629738
DAY 19/01/2007:	     55      33       1      25      17 5459520
DAY 20/01/2007:	    111      68       0      29      20 1402108
DAY 21/01/2007:	    253     184      19      55      28 4927726
DAY 22/01/2007:	     98      68       1      35      29 1434595
DAY 23/01/2007:	     79      54       1      18      14 631645
DAY 24/01/2007:	    116      66       2      49      25 4781993
DAY 25/01/2007:	    134      90      12      27      20 2057301
DAY 26/01/2007:	    171     127       5      43      43 12802784
DAY 27/01/2007:	     86      48       8      16      18 3806009
DAY 28/01/2007:	     86      52       1      30      24 953818
DAY 29/01/2007:	     87      54       0      30      27 1121651
DAY 30/01/2007:	    190     104      50      43      25 2001018
CUR 31/01/2007:	     70      61       0      31       9 1321924
checksum	   3499    2217     284     965     791 73789032

# MONTHLY COUNTERS for the last 12 months
LASTMON: 01/2007
MON 01/2006:	   4598    2838     811    1088     416 89242840
MON 02/2006:	   2541    1745     186     643     429 46797512
MON 03/2006:	   2730    1779     251     769     526 68291680
MON 04/2006:	   2808    2006     229     685     466 60178760
MON 05/2006:	   2642    1708     192     662     450 35182564
MON 06/2006:	   2757    1794     217     739     486 54111740
MON 07/2006:	   2242    1379     164     724     467 40827096
MON 08/2006:	   2496    1749     167     637     433 45396144
MON 09/2006:	   3520    2575     137     900     598 70906408
MON 10/2006:	   3649    2685     128    1390     511 63750532
MON 11/2006:	   3313    2287     150    1018     551 72498144
MON 12/2006:	   3430    1858     325    1114     835 71436520
checksum	  36726   24403    2957   10369    6168 718620008

