# WWW History 2.4
# DAILY COUNTERS for summary period 1-30 Sep 2005
DAY 01/09/2005:	     23       8       0       6       8 102146
DAY 02/09/2005:	     76      59       0      23      12 5840815
DAY 03/09/2005:	     13       1       0       1       1 10938
DAY 04/09/2005:	     79      64       0      24       6 1452213
DAY 05/09/2005:	     42      25       0       6       5 136145
DAY 06/09/2005:	     39      23       0      21       5 277456
DAY 07/09/2005:	     22       7       0       3       3 119050
DAY 08/09/2005:	     16       1       1       2       3 11600
DAY 09/09/2005:	     31      12       4      15      15 117802
DAY 10/09/2005:	     38      21       0      20       4 1344178
DAY 11/09/2005:	     56      40       0      16       7 660087
DAY 12/09/2005:	     89      75       0      14      12 1292712
DAY 13/09/2005:	     20       4       0       4       5 40536
DAY 14/09/2005:	     38      16       5      10       8 346110
DAY 15/09/2005:	     34      19       0      13       8 271380
DAY 16/09/2005:	     29      16       0      16       4 179541
DAY 17/09/2005:	     59      30       0      24      11 334294
DAY 18/09/2005:	     21       6       0       6       5 68030
DAY 19/09/2005:	     34      19       0       7       6 338546
DAY 20/09/2005:	     57      30      12      19      13 562748
DAY 21/09/2005:	     98      80       1      24       7 1380044
DAY 22/09/2005:	    112      84       0      23       9 1472265
DAY 23/09/2005:	     46      28       0      17       7 472313
DAY 24/09/2005:	     27      11       0       5       5 187112
DAY 25/09/2005:	     50      36       0      21       9 580632
DAY 26/09/2005:	     29      14       0      10       7 184710
DAY 27/09/2005:	     29      14       0       4       5 266510
DAY 28/09/2005:	     69      17       1       8       8 353399
DAY 29/09/2005:	     59      38       0      17       8 647523
CUR 30/09/2005:	     52      15       0      15       1 168606
checksum	   1387     813      24     394     207 19219428

# MONTHLY COUNTERS for the last 12 months
LASTMON: 09/2005
MON 01/2005:	   1715    1318     271     398     120 23189672
MON 02/2005:	   1590     999     220     476     170 16560870
MON 03/2005:	   2062    1358     170     487     192 22700404
MON 04/2005:	   1554     897     101     420     193 14453890
MON 05/2005:	   1570     892     240     403     194 14138647
MON 06/2005:	    957     546      49     234     156 29366896
MON 07/2005:	   1556     826     167     376     231 19339632
MON 08/2005:	   1334     703      61     334     205 24639412
MON 09/2004:	      0       0       0       0       0 0
MON 10/2004:	      0       0       0       0       0 0
MON 11/2004:	      0       0       0       0       0 0
MON 12/2004:	      0       0       0       0       0 0
checksum	  12338    7539    1279    3128    1461 164389424

