# WWW History 2.4
# DAILY COUNTERS for summary period 1-30 Apr 2005
DAY 01/04/2005:	     37      19       5       5       5 405852
DAY 02/04/2005:	     91      74       0      18       5 1778742
DAY 03/04/2005:	     22       5       0       5       3 62131
DAY 04/04/2005:	     52      24       0      20       7 338624
DAY 05/04/2005:	     63      24      11      30      16 340103
DAY 06/04/2005:	     24       7       0       7       3 82598
DAY 07/04/2005:	     26      12       0       6       1 218738
DAY 08/04/2005:	     25       8       0       8       3 89152
DAY 09/04/2005:	     24       6       0       6       5 46330
DAY 10/04/2005:	     31      13       0       9       4 165248
DAY 11/04/2005:	     72      49       6      16       6 1056456
DAY 12/04/2005:	     23       6       0       6       2 66961
DAY 13/04/2005:	     40      20       0      10       7 363175
DAY 14/04/2005:	     71      37      17      26      12 661852
DAY 15/04/2005:	     28      10       0      10       5 125546
DAY 16/04/2005:	     28       9       0       9       4 99541
DAY 17/04/2005:	     40      22       0      22       5 239363
DAY 18/04/2005:	     88      60       6      28       8 1115942
DAY 19/04/2005:	     70      41       6      14      15 726672
DAY 20/04/2005:	    163     100      36      25       8 1136821
DAY 21/04/2005:	    101      80       0      21       8 811110
DAY 22/04/2005:	     24      10       0      10       5 117188
DAY 23/04/2005:	     28      11       0      11       4 113726
DAY 24/04/2005:	     18       3       0       3       2 37825
DAY 25/04/2005:	    122      91       8      43      18 1490115
DAY 26/04/2005:	     53      34       0      13       7 634104
DAY 27/04/2005:	     52      35       0       8       7 379125
DAY 28/04/2005:	     30      18       0       8       5 300847
DAY 29/04/2005:	     24       7       0       7       5 70324
CUR 30/04/2005:	      1       0       0       0       0 0
checksum	   1471     835      95     404     185 13074211

# MONTHLY COUNTERS for the last 12 months
LASTMON: 04/2005
MON 01/2005:	   1715    1318     271     398     120 23189672
MON 02/2005:	   1590     999     220     476     170 16560870
MON 03/2005:	   2062    1358     170     487     192 22700404
MON 04/2004:	      0       0       0       0       0 0
MON 05/2004:	      0       0       0       0       0 0
MON 06/2004:	      0       0       0       0       0 0
MON 07/2004:	      0       0       0       0       0 0
MON 08/2004:	      0       0       0       0       0 0
MON 09/2004:	      0       0       0       0       0 0
MON 10/2004:	      0       0       0       0       0 0
MON 11/2004:	      0       0       0       0       0 0
MON 12/2004:	      0       0       0       0       0 0
checksum	   5367    3675     661    1361     482 62450948

