# WWW History 2.4
# DAILY COUNTERS for summary period 1-31 Dec 2005
DAY 01/12/2005:	     62      51       0      24       8 471970
DAY 02/12/2005:	    129      92      22      21       7 3484249
DAY 03/12/2005:	     86      68       0      19      20 6695819
DAY 04/12/2005:	     57      42       0       9       6 566730
DAY 05/12/2005:	     49      28       0      17      11 360660
DAY 06/12/2005:	     59      33       9      28       8 443370
DAY 07/12/2005:	     33      19       0       7       6 369686
DAY 08/12/2005:	    119      99       4      27      13 2851736
DAY 09/12/2005:	    134     100      13      40      25 2994944
DAY 10/12/2005:	     23       7       3       6       5 65123
DAY 11/12/2005:	     28       9       1       6       9 111015
DAY 12/12/2005:	    119      85       0      21      11 7076944
DAY 13/12/2005:	     53      36       0      16       8 1389852
DAY 14/12/2005:	     51      36       0       8       6 1353390
DAY 15/12/2005:	     50      29       1      19      11 487108
DAY 16/12/2005:	     96      20       0      11      16 337970
DAY 17/12/2005:	     32       6       5      11       6 62233
DAY 18/12/2005:	     43      17       0      10       7 298338
DAY 19/12/2005:	     31      15       1      11      11 1372333
DAY 20/12/2005:	     52      34       4      15      15 5600604
DAY 21/12/2005:	     60      32       0      21      10 462147
DAY 22/12/2005:	     55      15      17      28      21 192851
DAY 23/12/2005:	     69      22       0      11      12 445330
DAY 24/12/2005:	     32       2       4       6       7 28560
DAY 25/12/2005:	     38      14       0       5       5 1385946
DAY 26/12/2005:	     93      42       5      25      13 1305670
DAY 27/12/2005:	     58      11       0      10       7 1272325
DAY 28/12/2005:	     28      11       3       6       6 5215240
DAY 29/12/2005:	     65      35       0       6       8 880417
DAY 30/12/2005:	     42      23       3      22      10 296050
CUR 31/12/2005:	      1       0       0       0       0 0
checksum	   1847    1033      95     466     308 47878580

# MONTHLY COUNTERS for the last 12 months
LASTMON: 12/2005
MON 01/2005:	   1715    1318     271     398     120 23189672
MON 02/2005:	   1590     999     220     476     170 16560870
MON 03/2005:	   2062    1358     170     487     192 22700404
MON 04/2005:	   1554     897     101     420     193 14453890
MON 05/2005:	   1570     892     240     403     194 14138647
MON 06/2005:	    957     546      49     234     156 29366896
MON 07/2005:	   1556     826     167     376     231 19339632
MON 08/2005:	   1334     703      61     334     205 24639412
MON 09/2005:	   1409     822      24     397     211 19380218
MON 10/2005:	   1564     915      44     433     301 37378704
MON 11/2005:	   3451    2252     603     768     325 85675744
MON 12/2004:	      0       0       0       0       0 0
checksum	  18762   11528    1950    4726    2298 306824096

