# WWW History 2.4
# DAILY COUNTERS for summary period 1-30 Sep 2007
DAY 01/09/2007:	    129      79      11      40      39 7017476
DAY 02/09/2007:	    197     130       4      36      30 22129968
DAY 03/09/2007:	     85      43       9      35      29 5214778
DAY 04/09/2007:	    175     131       9      32      39 14117505
DAY 05/09/2007:	    151     108       3      39      29 11788740
DAY 06/09/2007:	    221     173       4      38      45 27995492
DAY 07/09/2007:	    120      71       8      39      34 13241337
DAY 08/09/2007:	     92      63       2      23      19 4394103
DAY 09/09/2007:	     84      51       7      15      38 6622826
DAY 10/09/2007:	    227     141       3      40      56 19805216
DAY 11/09/2007:	    149     108       3      33      30 14493331
DAY 12/09/2007:	    194     140      13      45      48 7814908
DAY 13/09/2007:	    261     165      18      36      42 13463211
DAY 14/09/2007:	    175     122      12      34      38 21947426
DAY 15/09/2007:	    102      61       0      35      28 4754180
DAY 16/09/2007:	    106      66       9      25      38 8754934
DAY 17/09/2007:	    183     127      11      47      47 16612310
DAY 18/09/2007:	    124      86       4      18      39 16083412
DAY 19/09/2007:	    229     173       2      71      54 20086294
DAY 20/09/2007:	    223     200       0      51      29 40235164
DAY 21/09/2007:	     96      72       3      22      34 21947348
DAY 22/09/2007:	    155      81       1      23      36 19122558
DAY 23/09/2007:	    118      97       1      25      32 10425375
DAY 24/09/2007:	    175     148       1      37      41 16951220
DAY 25/09/2007:	    144     102       1      29      39 23112350
DAY 26/09/2007:	    187     131       3      43      41 16970388
DAY 27/09/2007:	    183     141       1      50      50 15906881
DAY 28/09/2007:	    248     200       4      60      76 23029320
DAY 29/09/2007:	    134      88       9      34      47 12643552
CUR 30/09/2007:	      7       4       0       3       2 1489645
checksum	   4674    3302     156    1058    1149 458174272

# MONTHLY COUNTERS for the last 12 months
LASTMON: 09/2007
MON 01/2007:	   3646    2295     332     995     811 75101480
MON 02/2007:	   3258    2042     327     881     590 65000064
MON 03/2007:	   4988    2972     814    1313     810 134339520
MON 04/2007:	   5014    3500     377    1300     732 282003584
MON 05/2007:	   5232    3356     727    1247     837 252911232
MON 06/2007:	   4994    3297     372    1526    1044 325461888
MON 07/2007:	   6349    3538     366    1351    1467 768143104
MON 08/2007:	   6981    3810     538    1165    1653 977340352
MON 09/2006:	   3520    2575     137     900     598 70906408
MON 10/2006:	   3649    2685     128    1390     511 63750532
MON 11/2006:	   3313    2287     150    1018     551 72498144
MON 12/2006:	   3430    1858     325    1114     835 71436520
checksum	  54374   34215    4593   14200   10439 3158893032

