# WWW History 2.4
# DAILY COUNTERS for summary period 1-31 May 2007
DAY 01/05/2007:	    269     116     110      60      29 9970744
DAY 02/05/2007:	    319     228      54      73      49 20708364
DAY 03/05/2007:	    116      88       4      32      21 4630049
DAY 04/05/2007:	    149      81      22      47      23 7521760
DAY 05/05/2007:	    140      53      35      23      17 907223
DAY 06/05/2007:	    214     134      38      51      31 14538006
DAY 07/05/2007:	    249     185      28      53      44 15382259
DAY 08/05/2007:	    132      72      34      27      20 1925217
DAY 09/05/2007:	    177     104      47      51      24 5666814
DAY 10/05/2007:	    160      82      48      34      22 5650436
DAY 11/05/2007:	    219     141      44      46      34 6467566
DAY 12/05/2007:	    183      99      50      38      24 11190367
DAY 13/05/2007:	    141      77      29      39      24 1513361
DAY 14/05/2007:	    272     218      18      54      34 19768444
DAY 15/05/2007:	    129      92      10      27      22 11160792
DAY 16/05/2007:	    114      80       4      29      21 4952738
DAY 17/05/2007:	     69      32      12      21      15 4077909
DAY 18/05/2007:	     97      66       5      32      25 5800493
DAY 19/05/2007:	    129      72      10      24      22 4541674
DAY 20/05/2007:	    190     139      11      52      34 7389647
DAY 21/05/2007:	    184     124      28      43      25 12331196
DAY 22/05/2007:	    173     132      11      46      24 7237636
DAY 23/05/2007:	    213     168      11      32      21 15619837
DAY 24/05/2007:	    207     147       2      38      55 6008477
DAY 25/05/2007:	     83      48       3      20      23 1823939
DAY 26/05/2007:	    106      74       3      36      21 4279369
DAY 27/05/2007:	    171      83       9      54      17 2334804
DAY 28/05/2007:	    170      96       2      48      27 9504041
DAY 29/05/2007:	    176     134      12      40      38 13952760
DAY 30/05/2007:	    156     102      22      39      27 2073807
CUR 31/05/2007:	      1       0       0       0       0 0
checksum	   5108    3267     716    1209     813 238931472

# MONTHLY COUNTERS for the last 12 months
LASTMON: 05/2007
MON 01/2007:	   3646    2295     332     995     811 75101480
MON 02/2007:	   3258    2042     327     881     590 65000064
MON 03/2007:	   4988    2972     814    1313     810 134339520
MON 04/2007:	   5014    3500     377    1300     732 282003584
MON 05/2006:	   2642    1708     192     662     450 35182564
MON 06/2006:	   2757    1794     217     739     486 54111740
MON 07/2006:	   2242    1379     164     724     467 40827096
MON 08/2006:	   2496    1749     167     637     433 45396144
MON 09/2006:	   3520    2575     137     900     598 70906408
MON 10/2006:	   3649    2685     128    1390     511 63750532
MON 11/2006:	   3313    2287     150    1018     551 72498144
MON 12/2006:	   3430    1858     325    1114     835 71436520
checksum	  40955   26844    3330   11673    7274 1010553832

