# WWW History 2.4
# DAILY COUNTERS for summary period 1-31 Mar 2007
DAY 01/03/2007:	    113      74       4      24      24 5726516
DAY 02/03/2007:	     43      18       4      16      17 606682
DAY 03/03/2007:	    101      61       5      52      20 4361713
DAY 04/03/2007:	    228     189       7      62      31 2952729
DAY 05/03/2007:	    200     105      70      56      23 3020221
DAY 06/03/2007:	    419     202     191      87      21 15304492
DAY 07/03/2007:	     81      50       2      20      17 4257006
DAY 08/03/2007:	     94      62       6      38      22 699233
DAY 09/03/2007:	     41      20       2       6       9 980739
DAY 10/03/2007:	     85      43       3      20      21 991758
DAY 11/03/2007:	     62      24       6      23      19 5441979
DAY 12/03/2007:	    141     103       5      34      26 1663911
DAY 13/03/2007:	    124      94       9      34      22 5270895
DAY 14/03/2007:	    144     101       7      42      32 2327820
DAY 15/03/2007:	    100      35       4      30      16 1066128
DAY 16/03/2007:	    651     313     305     143      29 20016212
DAY 17/03/2007:	    148      91      11      63      35 8508194
DAY 18/03/2007:	    107      72       1      36      30 4138139
DAY 19/03/2007:	    263     120     115      58      25 3005108
DAY 20/03/2007:	    170     133       3      37      35 3496106
DAY 21/03/2007:	    174     145       3      31      18 6964355
DAY 22/03/2007:	    140      98       4      39      25 1612907
DAY 23/03/2007:	    192     158       3      49      38 7000928
DAY 24/03/2007:	     87      20       6      19      21 515228
DAY 25/03/2007:	    115      71       4      38      26 1420687
DAY 26/03/2007:	    201     164       4      63      52 8284528
DAY 27/03/2007:	    191     137       8      45      51 4620046
DAY 28/03/2007:	     67      36       3      22      38 854909
DAY 29/03/2007:	    134      86      13      40      27 1585654
DAY 30/03/2007:	    118      87       5      50      21 2844672
CUR 31/03/2007:	      3       1       0       1       1 5588
checksum	   4737    2913     813    1278     792 129545008

# MONTHLY COUNTERS for the last 12 months
LASTMON: 03/2007
MON 01/2007:	   3646    2295     332     995     811 75101480
MON 02/2007:	   3258    2042     327     881     590 65000064
MON 03/2006:	   2730    1779     251     769     526 68291680
MON 04/2006:	   2808    2006     229     685     466 60178760
MON 05/2006:	   2642    1708     192     662     450 35182564
MON 06/2006:	   2757    1794     217     739     486 54111740
MON 07/2006:	   2242    1379     164     724     467 40827096
MON 08/2006:	   2496    1749     167     637     433 45396144
MON 09/2006:	   3520    2575     137     900     598 70906408
MON 10/2006:	   3649    2685     128    1390     511 63750532
MON 11/2006:	   3313    2287     150    1018     551 72498144
MON 12/2006:	   3430    1858     325    1114     835 71436520
checksum	  36491   24157    2619   10514    6724 722681192

