# WWW History 2.4
# DAILY COUNTERS for summary period 1-31 Aug 2007
DAY 01/08/2007:	    281     194      15      48      53 31114250
DAY 02/08/2007:	    211     160       2      73      60 28300556
DAY 03/08/2007:	    130      61       4      35      51 16161498
DAY 04/08/2007:	    219      98      13      37      49 36185528
DAY 05/08/2007:	    179      92       4      31      58 32314212
DAY 06/08/2007:	    514     256     122      83      54 37611776
DAY 07/08/2007:	    190      99       2      18      49 36425020
DAY 08/08/2007:	    258     204       2      40      49 34828088
DAY 09/08/2007:	    241     134      14      47      75 40550968
DAY 10/08/2007:	    328     273      11      68      67 61803644
DAY 11/08/2007:	    232      88       2      24      58 37131088
DAY 12/08/2007:	    297     138      15      48      77 44304192
DAY 13/08/2007:	    282     150       5      29      70 62788384
DAY 14/08/2007:	    148      93      10      34      58 26562840
DAY 15/08/2007:	    304     122       3      24      66 45727464
DAY 16/08/2007:	    149      85       5      17      58 35701264
DAY 17/08/2007:	    271     115       5      45      57 32949874
DAY 18/08/2007:	    148      63      10      31      43 24146144
DAY 19/08/2007:	    341     188     120      48      60 32078048
DAY 20/08/2007:	    197      92       3      28      55 36398680
DAY 21/08/2007:	    146     119       6      41      46 38385488
DAY 22/08/2007:	    202     166       8      46      69 19826980
DAY 23/08/2007:	    210     139      11      35      51 28465228
DAY 24/08/2007:	    246      84       6      25      45 32843460
DAY 25/08/2007:	     99      51       6      14      44 17604804
DAY 26/08/2007:	    129      67      20      27      44 11124013
DAY 27/08/2007:	    106      66       9      22      29 11766948
DAY 28/08/2007:	    165      83      29      16      34 17205716
DAY 29/08/2007:	    504     195      47      50      43 45400876
DAY 30/08/2007:	     93      28      18      22      28 4739925
CUR 31/08/2007:	      6       2       1       2       4 34644
checksum	   6826    3705     528    1108    1604 960475008

# MONTHLY COUNTERS for the last 12 months
LASTMON: 08/2007
MON 01/2007:	   3646    2295     332     995     811 75101480
MON 02/2007:	   3258    2042     327     881     590 65000064
MON 03/2007:	   4988    2972     814    1313     810 134339520
MON 04/2007:	   5014    3500     377    1300     732 282003584
MON 05/2007:	   5232    3356     727    1247     837 252911232
MON 06/2007:	   4994    3297     372    1526    1044 325461888
MON 07/2007:	   6349    3538     366    1351    1467 768143104
MON 08/2006:	   2496    1749     167     637     433 45396144
MON 09/2006:	   3520    2575     137     900     598 70906408
MON 10/2006:	   3649    2685     128    1390     511 63750532
MON 11/2006:	   3313    2287     150    1018     551 72498144
MON 12/2006:	   3430    1858     325    1114     835 71436520
checksum	  49889   32154    4222   13672    9219 2226948584

