# WWW History 2.4
# DAILY COUNTERS for summary period 1-30 Nov 2007
DAY 01/11/2007:	    228     151       1      46      78 31475560
DAY 02/11/2007:	    298     239       4      72      52 31826712
DAY 03/11/2007:	     97      30       0       9      16 10688518
DAY 04/11/2007:	      2       1       0       1       2 4650
DAY 05/11/2007:	   1008     492     426     197      46 59836216
DAY 06/11/2007:	    466     338      96     107      41 45597996
DAY 07/11/2007:	    210     163      16      50      45 17625410
DAY 08/11/2007:	    152      96       5      30      34 9278269
DAY 09/11/2007:	    201      88       1      19      38 16790616
DAY 10/11/2007:	    119      79       4      23      44 16534594
DAY 11/11/2007:	    774     434     230     181      44 64259572
DAY 12/11/2007:	    678     509      98     203      49 70884960
DAY 13/11/2007:	    246     163      31      77      55 31187618
DAY 14/11/2007:	    204     123      45      57      34 14245978
DAY 15/11/2007:	    406     292      55     116      45 35228588
DAY 16/11/2007:	    212     173       5      49      56 26580468
DAY 17/11/2007:	    246     111      11      25      48 19430296
DAY 18/11/2007:	    142      82       5      31      51 14196900
DAY 19/11/2007:	    239     166      20      44      46 31970940
DAY 20/11/2007:	    716     576      78     171      56 97569296
DAY 21/11/2007:	     86      42      13      21      34 9833288
DAY 22/11/2007:	    138      96       2      40      41 6881355
DAY 23/11/2007:	    127      90       7      26      42 10483390
DAY 24/11/2007:	    125      78       5      32      45 6740210
DAY 25/11/2007:	    145      80      27      26      30 19565636
DAY 26/11/2007:	    242     199       5      52      64 24329084
DAY 27/11/2007:	    340     289       7      84      50 17078452
DAY 28/11/2007:	    223     150      15      47      47 11520486
DAY 29/11/2007:	    139      99       6      27      43 14785023
CUR 30/11/2007:	     17      14       0       4       4 485513
checksum	   8226    5443    1218    1867    1280 766911040

# MONTHLY COUNTERS for the last 12 months
LASTMON: 11/2007
MON 01/2007:	   3646    2295     332     995     811 75101480
MON 02/2007:	   3258    2042     327     881     590 65000064
MON 03/2007:	   4988    2972     814    1313     810 134339520
MON 04/2007:	   5014    3500     377    1300     732 282003584
MON 05/2007:	   5232    3356     727    1247     837 252911232
MON 06/2007:	   4994    3297     372    1526    1044 325461888
MON 07/2007:	   6349    3538     366    1351    1467 768143104
MON 08/2007:	   6981    3810     538    1165    1653 977340352
MON 09/2007:	   4865    3436     156    1128    1189 481259360
MON 10/2007:	   7760    5460     266    1724    1606 733721280
MON 11/2006:	   3313    2287     150    1018     551 72498144
MON 12/2006:	   3430    1858     325    1114     835 71436520
checksum	  59830   37851    4750   14762   12125 4239216616

