# WWW History 2.4
# DAILY COUNTERS for summary period 1-29 Feb 2008
DAY 01/02/2008:	    216     162       5      59      44 13063326
DAY 02/02/2008:	    258     210       4     138      41 18699720
DAY 03/02/2008:	    231     192       7      84      32 6014301
DAY 04/02/2008:	    208     135      13     100      35 7350722
DAY 05/02/2008:	    401     261      38      77      41 19898376
DAY 06/02/2008:	    147     117       3      27      27 7603481
DAY 07/02/2008:	    234     185       7      52      36 10747184
DAY 08/02/2008:	    311     257       7      62      46 17221052
DAY 09/02/2008:	    135      87       7      44      27 7184118
DAY 10/02/2008:	    124      63       8      30      32 7708298
DAY 11/02/2008:	    147      82      27      23      27 7313321
DAY 12/02/2008:	    261     198      13      70      38 12467826
DAY 13/02/2008:	    161     107       2      35      42 8985398
DAY 14/02/2008:	    141      96      13      28      30 5926624
DAY 15/02/2008:	    219     168       4      78      37 11294455
DAY 16/02/2008:	    149     106       7      36      40 8389044
DAY 17/02/2008:	    140      82      13      43      48 3632676
DAY 18/02/2008:	    119      64       6      32      42 2275423
DAY 19/02/2008:	    524     406      21      67      59 41336688
DAY 20/02/2008:	    431     368       8      66      56 41426976
DAY 21/02/2008:	    232     175       7      86      39 11242421
DAY 22/02/2008:	    269     151       1      50      47 17780936
DAY 23/02/2008:	    276     215      16      35      29 21331016
DAY 24/02/2008:	    141      96       5      26      35 19631352
DAY 25/02/2008:	    288     228       4      63      36 29444636
DAY 26/02/2008:	    235     187       5      43      47 17021060
DAY 27/02/2008:	    390     274      70      93      42 23497628
DAY 28/02/2008:	    258     206       7     114      51 12116870
CUR 29/02/2008:	     13      10       1       3       3 306563
checksum	   6659    4888     329    1664    1109 410912224

# MONTHLY COUNTERS for the last 12 months
LASTMON: 02/2008
MON 01/2008:	   7501    5490     489    1986    1443 594491008
MON 02/2007:	   3258    2042     327     881     590 65000064
MON 03/2007:	   4988    2972     814    1313     810 134339520
MON 04/2007:	   5014    3500     377    1300     732 282003584
MON 05/2007:	   5232    3356     727    1247     837 252911232
MON 06/2007:	   4994    3297     372    1526    1044 325461888
MON 07/2007:	   6349    3538     366    1351    1467 768143104
MON 08/2007:	   6981    3810     538    1165    1653 977340352
MON 09/2007:	   4865    3436     156    1128    1189 481259360
MON 10/2007:	   7760    5460     266    1724    1606 733721280
MON 11/2007:	   8498    5645    1226    1908    1328 793484032
MON 12/2007:	   6992    4585     365    1727    1394 641115840
checksum	  72432   47131    6023   17256   14093 6049271488

