# WWW History 2.4
# DAILY COUNTERS for summary period 1-29 Oct 2006
DAY 01/10/2006:	     56      42       1      18      17 827296
DAY 02/10/2006:	     74      32       3      17      18 664140
DAY 03/10/2006:	    112      82       1      40      22 2234327
DAY 04/10/2006:	     98      55       1      26      20 672483
DAY 05/10/2006:	    122     104       4      19      19 3190249
DAY 06/10/2006:	     59      35       3      14      16 1463091
DAY 07/10/2006:	     79      45       1      33      12 772042
DAY 08/10/2006:	     24       8       1       9      10 197221
DAY 09/10/2006:	     56      38       0      30      20 664172
DAY 10/10/2006:	     83      46      21       9      10 553640
DAY 11/10/2006:	     78      57       2      36      15 988512
DAY 12/10/2006:	    124     106       0      31      15 2226322
DAY 13/10/2006:	     94      69       2      33      27 1360204
DAY 14/10/2006:	     27      12       1       7       8 1308884
DAY 15/10/2006:	     68      44       1      29      23 1711599
DAY 16/10/2006:	    217     123      17     101      20 1926855
DAY 17/10/2006:	    161     137       1      47      31 1979629
DAY 18/10/2006:	     61      42       1      41       9 636307
DAY 19/10/2006:	    263     144       6      47      20 8775733
DAY 20/10/2006:	    255     232       1      79      15 7304256
DAY 21/10/2006:	     70      49       2      43      12 1261564
DAY 22/10/2006:	     43      20       1      14      10 376134
DAY 23/10/2006:	    151     125       1      45      30 2784535
DAY 24/10/2006:	     42      24       0      10       6 476504
DAY 25/10/2006:	    119      96       2      22      18 1591867
DAY 26/10/2006:	    233     166      48      71      10 4696568
DAY 27/10/2006:	    220     192       2     102      17 3623831
DAY 28/10/2006:	    131     111       0     105      12 1075217
CUR 29/10/2006:	     10       9       0       9       0 195234
checksum	   3130    2245     124    1087     462 55538380

# MONTHLY COUNTERS for the last 12 months
LASTMON: 10/2006
MON 01/2006:	   4598    2838     811    1088     416 89242840
MON 02/2006:	   2541    1745     186     643     429 46797512
MON 03/2006:	   2730    1779     251     769     526 68291680
MON 04/2006:	   2808    2006     229     685     466 60178760
MON 05/2006:	   2642    1708     192     662     450 35182564
MON 06/2006:	   2757    1794     217     739     486 54111740
MON 07/2006:	   2242    1379     164     724     467 40827096
MON 08/2006:	   2496    1749     167     637     433 45396144
MON 09/2006:	   3520    2575     137     900     598 70906408
MON 10/2005:	   1564     915      44     433     301 37378704
MON 11/2005:	   3451    2252     603     768     325 85675744
MON 12/2005:	   1868    1040      95     472     314 49045136
checksum	  33217   21780    3096    8520    5211 683034384

