# WWW History 2.4
# DAILY COUNTERS for summary period 1-31 May 2008
DAY 01/05/2008:	    181     119      16      52      57 12113436
DAY 02/05/2008:	    257     147      39      71      51 17559896
DAY 03/05/2008:	    236     183       9     108      55 17795506
DAY 04/05/2008:	    242     184      16      76      50 17090402
DAY 05/05/2008:	    495     296     156      82      48 24962982
DAY 06/05/2008:	    233     159      27      75      73 8186596
DAY 07/05/2008:	    181     118      20      91      43 4177877
DAY 08/05/2008:	    182     112      20      53      45 10016416
DAY 09/05/2008:	    196     135      13      45      45 13230210
DAY 10/05/2008:	    189     135      12      43      47 13876259
DAY 11/05/2008:	    224     150      26      99      60 13722430
DAY 12/05/2008:	    337     260      17      77      49 25519300
DAY 13/05/2008:	    300     244      11      85      56 20289584
DAY 14/05/2008:	    408     303      50      87      69 22602984
DAY 15/05/2008:	    217     167       7      47      49 7556529
DAY 16/05/2008:	    242     167      24      68      70 27994788
DAY 17/05/2008:	    145      94       9      27      37 9429837
DAY 18/05/2008:	    924     202      21      84      71 19316546
DAY 19/05/2008:	    267     223       7      53      36 17839464
DAY 20/05/2008:	    402     324      11     109      60 36829080
DAY 21/05/2008:	    229     162      20      72      53 13595542
DAY 22/05/2008:	    295     214      27      86      63 17340040
DAY 23/05/2008:	    290     224      12      78      65 27414352
DAY 24/05/2008:	    165     123       5      30      38 16869554
DAY 25/05/2008:	    194     134      14      44      52 14968857
DAY 26/05/2008:	     93      57       5      27      29 3115273
DAY 27/05/2008:	    321     250      19      91      63 18312618
DAY 28/05/2008:	    221     155      17      65      55 19570182
DAY 29/05/2008:	    265     154      53      92      59 11902551
DAY 30/05/2008:	    185     126      17      75      42 11313614
CUR 31/05/2008:	     13       7       2       8       2 144590
checksum	   8129    5328     702    2100    1592 494655872

# MONTHLY COUNTERS for the last 12 months
LASTMON: 05/2008
MON 01/2008:	   7501    5490     489    1986    1443 594491008
MON 02/2008:	   6953    5110     330    1761    1146 424719296
MON 03/2008:	   8112    5730     507    3177    1460 400895360
MON 04/2008:	   8042    5740     622    2321    1708 530298432
MON 05/2007:	   5232    3356     727    1247     837 252911232
MON 06/2007:	   4994    3297     372    1526    1044 325461888
MON 07/2007:	   6349    3538     366    1351    1467 768143104
MON 08/2007:	   6981    3810     538    1165    1653 977340352
MON 09/2007:	   4865    3436     156    1128    1189 481259360
MON 10/2007:	   7760    5460     266    1724    1606 733721280
MON 11/2007:	   8498    5645    1226    1908    1328 793484032
MON 12/2007:	   6992    4585     365    1727    1394 641115840
checksum	  82279   55197    5964   21021   16275 6923841216

