# WWW History 2.4
# DAILY COUNTERS for summary period 1-28 Feb 2005
DAY 01/02/2005:	     97      86       6      25       4 1924116
DAY 02/02/2005:	     23      19       0       9       6 335219
DAY 03/02/2005:	     54      35      18       9       3 863217
DAY 04/02/2005:	     81      60      16      25      13 644612
DAY 05/02/2005:	     10       6       0       6       4 55622
DAY 06/02/2005:	     16      12       0      12       1 155443
DAY 07/02/2005:	     28       7       0       7       5 87563
DAY 08/02/2005:	     47      32      10       9       5 635091
DAY 09/02/2005:	     21      16       0      16       5 171974
DAY 10/02/2005:	     34      27       0      17       8 385184
DAY 11/02/2005:	     28      22       0      11       7 354680
DAY 12/02/2005:	     17      13       0       7       3 186832
DAY 13/02/2005:	     39      31       0      13       3 647698
DAY 14/02/2005:	     79      51      11      35      14 903081
DAY 15/02/2005:	    154      72      65      34       5 1142524
DAY 16/02/2005:	    138      77      45      50       9 1259039
DAY 17/02/2005:	    100      79       5      25       9 1389769
DAY 18/02/2005:	     54      28      11      17       5 459013
DAY 19/02/2005:	     53      34       0      11      10 302921
DAY 20/02/2005:	     33      14       0       8       4 211294
DAY 21/02/2005:	     52      30       0      11       7 195599
DAY 22/02/2005:	     73      38      10      14       6 360875
DAY 23/02/2005:	     46      13      12      18      12 188212
DAY 24/02/2005:	    113      92       0      34       4 1596708
DAY 25/02/2005:	     36      14       0      14       6 168909
DAY 26/02/2005:	     32      11       0      11       4 153576
DAY 27/02/2005:	     69      33      11      15       3 708891
CUR 28/02/2005:	      1       0       0       0       0 0
checksum	   1528     952     220     463     165 15487662

# MONTHLY COUNTERS for the last 12 months
LASTMON: 02/2005
MON 01/2005:	   1715    1318     271     398     120 23189672
MON 02/2004:	      0       0       0       0       0 0
MON 03/2004:	      0       0       0       0       0 0
MON 04/2004:	      0       0       0       0       0 0
MON 05/2004:	      0       0       0       0       0 0
MON 06/2004:	      0       0       0       0       0 0
MON 07/2004:	      0       0       0       0       0 0
MON 08/2004:	      0       0       0       0       0 0
MON 09/2004:	      0       0       0       0       0 0
MON 10/2004:	      0       0       0       0       0 0
MON 11/2004:	      0       0       0       0       0 0
MON 12/2004:	      0       0       0       0       0 0
checksum	   1715    1318     271     398     120 23189672

