# WWW History 2.4
# DAILY COUNTERS for summary period 1-30 Jun 2005
DAY 01/06/2005:	     35      30       0      11       5 205145
DAY 02/06/2005:	      8       4       0       4       5 40722
DAY 03/06/2005:	      5       3       0       3       3 33302
DAY 04/06/2005:	      3       2       0       2       1 18372
DAY 05/06/2005:	      1       0       0       0       1 201
DAY 06/06/2005:	    129      89      28      49       6 15786286
DAY 07/06/2005:	     10       9       0       3       1 173848
DAY 08/06/2005:	     39      28       5      14      11 536273
DAY 09/06/2005:	     28      14       0       5       4 256350
DAY 10/06/2005:	     66      46       6      12       3 1034774
DAY 11/06/2005:	     13       1       0       1       2 204
DAY 12/06/2005:	     50      37       0       6       4 912023
DAY 13/06/2005:	     23       9       0       3       4 163680
DAY 14/06/2005:	     21       9       0       3      10 171309
DAY 15/06/2005:	     29      13       0       3       4 235741
DAY 16/06/2005:	     21       8       0       3       2 92102
DAY 17/06/2005:	     36      23       0       7       8 450004
DAY 18/06/2005:	     34      20       0      20       8 227154
DAY 19/06/2005:	     42      26       0      20      12 362752
DAY 20/06/2005:	     39      12       9      20      17 1242195
DAY 21/06/2005:	     16       2       1       2       2 22917
DAY 22/06/2005:	     35      24       0       6       6 455813
DAY 23/06/2005:	     26      13       0       3       3 220352
DAY 24/06/2005:	     22       9       0       2       2 5177355
DAY 25/06/2005:	     24       9       0       3       3 186324
DAY 26/06/2005:	     15       1       0       1       3 405
DAY 27/06/2005:	     39      26       0       4       4 544587
DAY 28/06/2005:	     57      41       0       7      15 491324
DAY 29/06/2005:	     27       4       0       2       3 74467
CUR 30/06/2005:	      3       1       0       1       1 11154
checksum	    896     513      49     220     153 29127124

# MONTHLY COUNTERS for the last 12 months
LASTMON: 06/2005
MON 01/2005:	   1715    1318     271     398     120 23189672
MON 02/2005:	   1590     999     220     476     170 16560870
MON 03/2005:	   2062    1358     170     487     192 22700404
MON 04/2005:	   1554     897     101     420     193 14453890
MON 05/2005:	   1570     892     240     403     194 14138647
MON 06/2004:	      0       0       0       0       0 0
MON 07/2004:	      0       0       0       0       0 0
MON 08/2004:	      0       0       0       0       0 0
MON 09/2004:	      0       0       0       0       0 0
MON 10/2004:	      0       0       0       0       0 0
MON 11/2004:	      0       0       0       0       0 0
MON 12/2004:	      0       0       0       0       0 0
checksum	   8491    5464    1002    2184     869 91043488

