# WWW History 2.4
# DAILY COUNTERS for summary period 1-31 Mar 2008
DAY 01/03/2008:	    275     228       4     139      52 15621243
DAY 02/03/2008:	    260     218       2      82      41 14374001
DAY 03/03/2008:	    244     189       1     109      51 13139564
DAY 04/03/2008:	    274     222       4     110      52 15353233
DAY 05/03/2008:	    207     164       3      52      38 8743442
DAY 06/03/2008:	    197     108      18      36      45 16933596
DAY 07/03/2008:	    470     403      20     216      75 27966340
DAY 08/03/2008:	    172     109      11      60      64 8851273
DAY 09/03/2008:	    148      95      14      48      45 6377572
DAY 10/03/2008:	    175     130       4      50      51 11410679
DAY 11/03/2008:	    274     223       5     118      51 12556511
DAY 12/03/2008:	    164     108      15      46      49 6192145
DAY 13/03/2008:	    168     111      12      41      49 6781883
DAY 14/03/2008:	    200     141      24      60      44 7257230
DAY 15/03/2008:	    139      99      10      75      41 4971089
DAY 16/03/2008:	    261     196      15     133      43 10407858
DAY 17/03/2008:	    200     120      18      41      51 13254006
DAY 18/03/2008:	    216     142       9      65      37 10363865
DAY 19/03/2008:	    252     154       2      93      33 13306236
DAY 20/03/2008:	    156     116       3      67      27 8950842
DAY 21/03/2008:	    610     496      10     419      52 16030564
DAY 22/03/2008:	    128      68      22      53      59 3110091
DAY 23/03/2008:	    363     266      30     221      54 6379081
DAY 24/03/2008:	    363     270      15     136      38 16590622
DAY 25/03/2008:	    610     277      59     151      49 34737288
DAY 26/03/2008:	    515     308     107     216      51 18254692
DAY 27/03/2008:	    277     224       9     125      54 11058986
DAY 28/03/2008:	    159     103      11      55      44 16321551
DAY 29/03/2008:	     89      51       7      22      38 4848594
DAY 30/03/2008:	    211     148      12      51      41 16227150
CUR 31/03/2008:	      8       4       2       4       3 2502007
checksum	   7785    5491     478    3094    1422 378873312

# MONTHLY COUNTERS for the last 12 months
LASTMON: 03/2008
MON 01/2008:	   7501    5490     489    1986    1443 594491008
MON 02/2008:	   6953    5110     330    1761    1146 424719296
MON 03/2007:	   4988    2972     814    1313     810 134339520
MON 04/2007:	   5014    3500     377    1300     732 282003584
MON 05/2007:	   5232    3356     727    1247     837 252911232
MON 06/2007:	   4994    3297     372    1526    1044 325461888
MON 07/2007:	   6349    3538     366    1351    1467 768143104
MON 08/2007:	   6981    3810     538    1165    1653 977340352
MON 09/2007:	   4865    3436     156    1128    1189 481259360
MON 10/2007:	   7760    5460     266    1724    1606 733721280
MON 11/2007:	   8498    5645    1226    1908    1328 793484032
MON 12/2007:	   6992    4585     365    1727    1394 641115840
checksum	  76127   50199    6026   18136   14649 6408990400

