# WWW History 2.4
# DAILY COUNTERS for summary period 1-31 Oct 2007
DAY 01/10/2007:	    229     191       1      69      62 32362242
DAY 02/10/2007:	    478     341      20      86      62 37252900
DAY 03/10/2007:	    187     142       0      58      53 20526660
DAY 04/10/2007:	    245     210       2      59      52 33578848
DAY 05/10/2007:	    300     169       4      86      67 33642152
DAY 06/10/2007:	    147     104       2      54      59 12808680
DAY 07/10/2007:	    227     131       8      55      51 29708068
DAY 08/10/2007:	    301     223      11      68      54 26885000
DAY 09/10/2007:	    194     149       3      55      39 20485288
DAY 10/10/2007:	    251     172       4      80      51 23397688
DAY 11/10/2007:	    243     174      15      77      53 13062641
DAY 12/10/2007:	    229     169       3      55      56 20953072
DAY 13/10/2007:	    194     123       4      46      55 38745168
DAY 14/10/2007:	    253     192       2      80      44 27802584
DAY 15/10/2007:	    231     152      21      60      43 18343740
DAY 16/10/2007:	    459     302      14      96      57 23503370
DAY 17/10/2007:	    304     144      71      58      40 9712297
DAY 18/10/2007:	    218     184       7      56      50 11720792
DAY 19/10/2007:	    278     139       2      37      48 22827384
DAY 20/10/2007:	    230     193       1      41      56 43184560
DAY 21/10/2007:	    164      78       3      28      51 15465706
DAY 22/10/2007:	    178     120       1      28      48 17665298
DAY 23/10/2007:	    206     152       2      22      59 16924888
DAY 24/10/2007:	    136     104       2      19      49 18202398
DAY 25/10/2007:	    200     138       9      34      56 16251050
DAY 26/10/2007:	    250     190       2      44      49 15446615
DAY 27/10/2007:	    292     228       3      37      55 34606780
DAY 28/10/2007:	    242     136       5      29      52 20489012
DAY 29/10/2007:	    467     400       6     100      53 42189668
DAY 30/10/2007:	    220     149      37      37      49 18969590
CUR 31/10/2007:	     24      20       0       6       2 3533827
checksum	   7577    5319     265    1660    1575 720249664

# MONTHLY COUNTERS for the last 12 months
LASTMON: 10/2007
MON 01/2007:	   3646    2295     332     995     811 75101480
MON 02/2007:	   3258    2042     327     881     590 65000064
MON 03/2007:	   4988    2972     814    1313     810 134339520
MON 04/2007:	   5014    3500     377    1300     732 282003584
MON 05/2007:	   5232    3356     727    1247     837 252911232
MON 06/2007:	   4994    3297     372    1526    1044 325461888
MON 07/2007:	   6349    3538     366    1351    1467 768143104
MON 08/2007:	   6981    3810     538    1165    1653 977340352
MON 09/2007:	   4865    3436     156    1128    1189 481259360
MON 10/2006:	   3649    2685     128    1390     511 63750532
MON 11/2006:	   3313    2287     150    1018     551 72498144
MON 12/2006:	   3430    1858     325    1114     835 71436520
checksum	  55719   35076    4612   14428   11030 3569245928

