# WWW History 2.4
# DAILY COUNTERS for summary period 1-31 Jan 2006
DAY 01/01/2006:	     60      42       3      21      17 663971
DAY 02/01/2006:	    145     126       0      37       9 2554392
DAY 03/01/2006:	    756     339     368     184      20 3635003
DAY 04/01/2006:	    265     151      44      67      18 8863471
DAY 05/01/2006:	     26      11       2       8       7 157605
DAY 06/01/2006:	     45      24       6      10       6 1603571
DAY 07/01/2006:	     21       8       0       8       5 88325
DAY 08/01/2006:	     33       9       3      12       7 75213
DAY 09/01/2006:	    112      79       0      18      17 2406962
DAY 10/01/2006:	     83      55       1      11       8 1307076
DAY 11/01/2006:	     44      27       1      23       7 5416308
DAY 12/01/2006:	     74      53       0      33      12 836059
DAY 13/01/2006:	    134     116       0      28      13 2623233
DAY 14/01/2006:	     59      37       5      21      15 531596
DAY 15/01/2006:	     38      23       1      10      11 410029
DAY 16/01/2006:	     45      26       0      11       9 1567190
DAY 17/01/2006:	    271     156      90      71      22 3582617
DAY 18/01/2006:	    157     129       7      36      18 2749136
DAY 19/01/2006:	    222     153      16      36      20 4281160
DAY 20/01/2006:	    161      95      25      39      15 2379908
DAY 21/01/2006:	    173     124       0      17      15 2293686
DAY 22/01/2006:	    278     153      79      41      10 5616656
DAY 23/01/2006:	     94      72       6      20      17 6139658
DAY 24/01/2006:	    183     168       0      49      15 9154313
DAY 25/01/2006:	    322     156     135      65      16 4720546
DAY 26/01/2006:	     87      55      16      37      11 879354
DAY 27/01/2006:	     97      66       1      22      14 1314590
DAY 28/01/2006:	    119      89       0      31      21 2712901
DAY 29/01/2006:	     38      25       1      11      12 335026
DAY 30/01/2006:	     88      69       0      17      13 1356115
CUR 31/01/2006:	     68      19       0      19       1 214764
checksum	   4298    2655     810    1013     401 80470392

# MONTHLY COUNTERS for the last 12 months
LASTMON: 01/2006
MON 01/2005:	   1715    1318     271     398     120 23189672
MON 02/2005:	   1590     999     220     476     170 16560870
MON 03/2005:	   2062    1358     170     487     192 22700404
MON 04/2005:	   1554     897     101     420     193 14453890
MON 05/2005:	   1570     892     240     403     194 14138647
MON 06/2005:	    957     546      49     234     156 29366896
MON 07/2005:	   1556     826     167     376     231 19339632
MON 08/2005:	   1334     703      61     334     205 24639412
MON 09/2005:	   1409     822      24     397     211 19380218
MON 10/2005:	   1564     915      44     433     301 37378704
MON 11/2005:	   3451    2252     603     768     325 85675744
MON 12/2005:	   1868    1040      95     472     314 49045136
checksum	  20630   12568    2045    5198    2612 355869232

