# WWW History 2.4
# DAILY COUNTERS for summary period 1-31 Aug 2006
DAY 01/08/2006:	     27      13       1       7       6 218989
DAY 02/08/2006:	     39      20       1      13      11 592978
DAY 03/08/2006:	     59      44       0      18      13 942977
DAY 04/08/2006:	     49      32       3      10      10 684166
DAY 05/08/2006:	    125      78      30      39      19 2250262
DAY 06/08/2006:	    139     103      21      29      21 2784091
DAY 07/08/2006:	    115      89       0      22      16 2411628
DAY 08/08/2006:	     69      54       1       8       8 744036
DAY 09/08/2006:	     35      23       1       9      14 897201
DAY 10/08/2006:	     72      49       2      14      17 915049
DAY 11/08/2006:	    139     120       1      20      11 4747750
DAY 12/08/2006:	    162     139       1      31      11 8770227
DAY 13/08/2006:	     92      77       2      23      15 946503
DAY 14/08/2006:	     75      48       0      24      14 732010
DAY 15/08/2006:	     65      40       1      16      24 744393
DAY 16/08/2006:	     61      37       8      11      15 324031
DAY 17/08/2006:	     68      46       5      17      12 996861
DAY 18/08/2006:	     53      27       2      15      18 371054
DAY 19/08/2006:	     81      60       3      32      17 795565
DAY 20/08/2006:	     42      25       0      12      11 566833
DAY 21/08/2006:	     61      46       2      17       4 1576166
DAY 22/08/2006:	     43      25       1      12      14 878825
DAY 23/08/2006:	    155     117       0      36      15 2941866
DAY 24/08/2006:	    190     120      46      63      18 2655101
DAY 25/08/2006:	     50      36       0      11       9 558801
DAY 26/08/2006:	     81      49       3      22      19 849979
DAY 27/08/2006:	     40      26       0      12      13 476971
DAY 28/08/2006:	     83      58       8      18      10 1352216
DAY 29/08/2006:	     91      58      15      20      18 1053986
DAY 30/08/2006:	     66      43       2      30      15 840503
CUR 31/08/2006:	      2       1       0       1       1 9823
checksum	   2429    1703     160     612     419 44630748

# MONTHLY COUNTERS for the last 12 months
LASTMON: 08/2006
MON 01/2006:	   4598    2838     811    1088     416 89242840
MON 02/2006:	   2541    1745     186     643     429 46797512
MON 03/2006:	   2730    1779     251     769     526 68291680
MON 04/2006:	   2808    2006     229     685     466 60178760
MON 05/2006:	   2642    1708     192     662     450 35182564
MON 06/2006:	   2757    1794     217     739     486 54111740
MON 07/2006:	   2242    1379     164     724     467 40827096
MON 08/2005:	   1334     703      61     334     205 24639412
MON 09/2005:	   1409     822      24     397     211 19380218
MON 10/2005:	   1564     915      44     433     301 37378704
MON 11/2005:	   3451    2252     603     768     325 85675744
MON 12/2005:	   1868    1040      95     472     314 49045136
checksum	  29944   18981    2877    7714    4596 610751376

