# WWW History 2.4
# DAILY COUNTERS for summary period 1-30 Sep 2006
DAY 01/09/2006:	     88      69       1      22      18 1542017
DAY 02/09/2006:	    110      74      18      38      16 1487095
DAY 03/09/2006:	    115      95       0      52      23 1974549
DAY 04/09/2006:	    112      94       0      39      11 1725970
DAY 05/09/2006:	    102      80       1      27      19 3479157
DAY 06/09/2006:	     69      52       0      16      15 1118869
DAY 07/09/2006:	    120      98       1      21      30 2350469
DAY 08/09/2006:	     41      25       1      25      10 388415
DAY 09/09/2006:	    106      85       0      35      37 1969627
DAY 10/09/2006:	     78      56       0      21      18 1025925
DAY 11/09/2006:	    127      97       5      39      19 2697632
DAY 12/09/2006:	    203     110      44      43      20 7981451
DAY 13/09/2006:	    117      77       4      24      21 6160439
DAY 14/09/2006:	    161     114      11      29      25 1722981
DAY 15/09/2006:	     91      29       1      25      25 339149
DAY 16/09/2006:	    151     132       1      41      14 3071742
DAY 17/09/2006:	     63      39       1      19      17 341908
DAY 18/09/2006:	    110      89       3      26      35 6434482
DAY 19/09/2006:	    190     119       1      42      28 3139682
DAY 20/09/2006:	    183     104      17      28      16 3998199
DAY 21/09/2006:	    282     258       2      55      19 4147849
DAY 22/09/2006:	    112      89       2      38      19 1597624
DAY 23/09/2006:	     67      50       1      24      10 2149774
DAY 24/09/2006:	     52      18       1      14      18 336999
DAY 25/09/2006:	    153     135       0      31      14 3162943
DAY 26/09/2006:	     84      64       3      14      17 877856
DAY 27/09/2006:	    120      76       5      32      27 1335748
DAY 28/09/2006:	    198     174       4      39      28 3384732
DAY 29/09/2006:	     67      42       8      15      16 425384
CUR 30/09/2006:	      4       2       0       2       1 15604
checksum	   3476    2546     136     876     586 70384152

# MONTHLY COUNTERS for the last 12 months
LASTMON: 09/2006
MON 01/2006:	   4598    2838     811    1088     416 89242840
MON 02/2006:	   2541    1745     186     643     429 46797512
MON 03/2006:	   2730    1779     251     769     526 68291680
MON 04/2006:	   2808    2006     229     685     466 60178760
MON 05/2006:	   2642    1708     192     662     450 35182564
MON 06/2006:	   2757    1794     217     739     486 54111740
MON 07/2006:	   2242    1379     164     724     467 40827096
MON 08/2006:	   2496    1749     167     637     433 45396144
MON 09/2005:	   1409     822      24     397     211 19380218
MON 10/2005:	   1564     915      44     433     301 37378704
MON 11/2005:	   3451    2252     603     768     325 85675744
MON 12/2005:	   1868    1040      95     472     314 49045136
checksum	  31106   20027    2983    8017    4824 631508112

