# WWW History 2.4
# DAILY COUNTERS for summary period 1-31 Jan 2008
DAY 01/01/2008:	    176     129      15      49      39 16750020
DAY 02/01/2008:	    412     335      36      80      87 39774172
DAY 03/01/2008:	    332     264      13     125      41 24633046
DAY 04/01/2008:	    346     228       8      77      48 21615878
DAY 05/01/2008:	    252     131      22      54      48 32005712
DAY 06/01/2008:	    208     147      19      49      42 14395219
DAY 07/01/2008:	    192     146      13      46      34 22408810
DAY 08/01/2008:	    229     160      25      64      35 23348544
DAY 09/01/2008:	    189     142      13      64      79 13023676
DAY 10/01/2008:	    331     254      19     109      45 27237344
DAY 11/01/2008:	    271     152      74      63      33 9204386
DAY 12/01/2008:	    156      94       5      46      59 24028400
DAY 13/01/2008:	    182     143       6      48      45 7852664
DAY 14/01/2008:	    230     187       4      57      51 10250386
DAY 15/01/2008:	    191     134      12      70      52 9568380
DAY 16/01/2008:	    266     213       7      64      37 27819092
DAY 17/01/2008:	    224     176      10      44      50 14660453
DAY 18/01/2008:	    279     191      11      93      46 24465630
DAY 19/01/2008:	    137      70      13      36      46 12694335
DAY 20/01/2008:	    107      63       7      31      32 14473464
DAY 21/01/2008:	    278     217      17      61      37 18763488
DAY 22/01/2008:	    327     265       9      58      36 33559216
DAY 23/01/2008:	    175     128      13      34      42 18269170
DAY 24/01/2008:	    251     190      21      55      43 29947402
DAY 25/01/2008:	    124      79      10      34      35 6272269
DAY 26/01/2008:	    203     155       5      52      60 16794176
DAY 27/01/2008:	    235     166      27      77      55 13685197
DAY 28/01/2008:	    304     248      13      79      37 23544118
DAY 29/01/2008:	    405     308      22     121      57 24737512
DAY 30/01/2008:	    199     136      14      94      45 4505312
CUR 31/01/2008:	      2       1       0       1       1 11483
checksum	   7213    5252     483    1935    1397 580295040

# MONTHLY COUNTERS for the last 12 months
LASTMON: 01/2008
MON 01/2007:	   3646    2295     332     995     811 75101480
MON 02/2007:	   3258    2042     327     881     590 65000064
MON 03/2007:	   4988    2972     814    1313     810 134339520
MON 04/2007:	   5014    3500     377    1300     732 282003584
MON 05/2007:	   5232    3356     727    1247     837 252911232
MON 06/2007:	   4994    3297     372    1526    1044 325461888
MON 07/2007:	   6349    3538     366    1351    1467 768143104
MON 08/2007:	   6981    3810     538    1165    1653 977340352
MON 09/2007:	   4865    3436     156    1128    1189 481259360
MON 10/2007:	   7760    5460     266    1724    1606 733721280
MON 11/2007:	   8498    5645    1226    1908    1328 793484032
MON 12/2007:	   6992    4585     365    1727    1394 641115840
checksum	  68577   43936    5866   16265   13461 5529881792

