# WWW History 2.4
# DAILY COUNTERS for summary period 1-30 Jun 2008
DAY 01/06/2008:	    305     152       8      85      51 7965563
DAY 02/06/2008:	    208     166       4      45      36 18562240
DAY 03/06/2008:	    314     267      12     120      41 20101884
DAY 04/06/2008:	    379     303      38      87      38 26589652
DAY 05/06/2008:	    297     241      12      93      42 30922816
DAY 06/06/2008:	    309     263       7     174      50 22426576
DAY 07/06/2008:	    170     120      10      60      46 10724973
DAY 08/06/2008:	    192     145      11      66      37 13391811
DAY 09/06/2008:	    223     164       3      41      34 20814564
DAY 10/06/2008:	    144      96      10      57      35 2846520
DAY 11/06/2008:	    330     218      11      71      46 18331992
DAY 12/06/2008:	    151      94      12      49      47 3991369
DAY 13/06/2008:	    300     224      32      89      45 19392792
DAY 14/06/2008:	    195     152       7      64      36 14640563
DAY 15/06/2008:	    139      98       3      49      39 20351268
DAY 16/06/2008:	    210     100       6      52      37 11111777
DAY 17/06/2008:	    201     140      22      61      43 14618660
DAY 18/06/2008:	    739     244       8      74      50 26046188
DAY 19/06/2008:	    216     152       9      59      48 15730590
DAY 20/06/2008:	    203     135      14      53      42 16169624
DAY 21/06/2008:	    174     124      10      75      50 5886440
DAY 22/06/2008:	    241     186      11      54      74 14866647
DAY 23/06/2008:	    209     149       6      57      64 17132684
DAY 24/06/2008:	    230     165       2      44      42 25842740
DAY 25/06/2008:	    256     209       6     100      61 10507710
DAY 26/06/2008:	    158     107      11      46      41 6329973
DAY 27/06/2008:	    380     287      23     134      74 20686832
DAY 28/06/2008:	    138      79      21      57      46 3921246
DAY 29/06/2008:	    224     167      18      97      49 13965199
CUR 30/06/2008:	      7       4       0       4       1 81303
checksum	   7242    4951     347    2117    1345 453949184

# MONTHLY COUNTERS for the last 12 months
LASTMON: 06/2008
MON 01/2008:	   7501    5490     489    1986    1443 594491008
MON 02/2008:	   6953    5110     330    1761    1146 424719296
MON 03/2008:	   8112    5730     507    3177    1460 400895360
MON 04/2008:	   8042    5740     622    2321    1708 530298432
MON 05/2008:	   8286    5447     710    2134    1631 507719360
MON 06/2007:	   4994    3297     372    1526    1044 325461888
MON 07/2007:	   6349    3538     366    1351    1467 768143104
MON 08/2007:	   6981    3810     538    1165    1653 977340352
MON 09/2007:	   4865    3436     156    1128    1189 481259360
MON 10/2007:	   7760    5460     266    1724    1606 733721280
MON 11/2007:	   8498    5645    1226    1908    1328 793484032
MON 12/2007:	   6992    4585     365    1727    1394 641115840
checksum	  85333   57288    5947   21908   17069 7178649280

