# WWW History 2.4
# DAILY COUNTERS for summary period 1-28 Feb 2006
DAY 01/02/2006:	     87      71       1      37      16 1720401
DAY 02/02/2006:	    129     117       0      24      11 2589827
DAY 03/02/2006:	     94      73       1      31      16 1935631
DAY 04/02/2006:	     76      61       0      16      14 1183952
DAY 05/02/2006:	     91      57       7      34      10 1109497
DAY 06/02/2006:	     94      66       0      14      23 1298235
DAY 07/02/2006:	     77      57       6      19      11 1107204
DAY 08/02/2006:	     95      77       3      18      10 2974864
DAY 09/02/2006:	    115      75      15      19      12 2035618
DAY 10/02/2006:	    136     105      14      60      38 7909410
DAY 11/02/2006:	     48      26       7      17      11 379217
DAY 12/02/2006:	    102      86       3      26      10 2220495
DAY 13/02/2006:	    102      48      29      20      10 1023379
DAY 14/02/2006:	     77      47       8      37      24 999565
DAY 15/02/2006:	    105      63       9      16      13 940200
DAY 16/02/2006:	     56      38       0      14      12 725993
DAY 17/02/2006:	    128      79       2      30      19 2273311
DAY 18/02/2006:	     86      71       0      19      14 2024144
DAY 19/02/2006:	     49      19      12      10       9 416892
DAY 20/02/2006:	     95      56       6      24      17 1367582
DAY 21/02/2006:	     64      42       1      17      11 720023
DAY 22/02/2006:	     40      19       3      16      14 241206
DAY 23/02/2006:	    161      99      29      38      31 3226238
DAY 24/02/2006:	     49      32       3       9       8 803285
DAY 25/02/2006:	     93      49       4      12      18 719088
DAY 26/02/2006:	     95      79       1      26      13 2355659
DAY 27/02/2006:	    133     103       5      26      22 1871709
CUR 28/02/2006:	      3       0       2       0       1 0
checksum	   2480    1715     171     629     418 46172504

# MONTHLY COUNTERS for the last 12 months
LASTMON: 02/2006
MON 01/2006:	   4598    2838     811    1088     416 89242840
MON 02/2005:	   1590     999     220     476     170 16560870
MON 03/2005:	   2062    1358     170     487     192 22700404
MON 04/2005:	   1554     897     101     420     193 14453890
MON 05/2005:	   1570     892     240     403     194 14138647
MON 06/2005:	    957     546      49     234     156 29366896
MON 07/2005:	   1556     826     167     376     231 19339632
MON 08/2005:	   1334     703      61     334     205 24639412
MON 09/2005:	   1409     822      24     397     211 19380218
MON 10/2005:	   1564     915      44     433     301 37378704
MON 11/2005:	   3451    2252     603     768     325 85675744
MON 12/2005:	   1868    1040      95     472     314 49045136
checksum	  23513   14088    2585    5888    2908 421922384

