# WWW History 2.4
# DAILY COUNTERS for summary period 1-31 Mar 2005
DAY 01/03/2005:	     27      12       0       6       3 216115
DAY 02/03/2005:	     72      46       8      16       9 912067
DAY 03/03/2005:	     44      27       0       8       5 174059
DAY 04/03/2005:	    174     143      12      31       7 3037246
DAY 05/03/2005:	     34       7      11      18      11 77356
DAY 06/03/2005:	     54      26      11       9       4 152932
DAY 07/03/2005:	     43      26       0      11       6 463850
DAY 08/03/2005:	    112      78      14      18       8 1228890
DAY 09/03/2005:	     38      21       0       9       6 379228
DAY 10/03/2005:	     35      20       0      14       3 309342
DAY 11/03/2005:	    118      65      36      35       6 1309914
DAY 12/03/2005:	     54      21      20      14       4 425265
DAY 13/03/2005:	     13       1       0       1       1 10938
DAY 14/03/2005:	     54      37       0       8       8 359613
DAY 15/03/2005:	     39      11      14      19      12 160577
DAY 16/03/2005:	     41      25       0       8       9 433814
DAY 17/03/2005:	    121     100       0      16       7 1175149
DAY 18/03/2005:	     94      54      23      23       7 1050599
DAY 19/03/2005:	     30      16       0      16       3 192948
DAY 20/03/2005:	     34      20       0       5       6 423053
DAY 21/03/2005:	     75      55       0      24       7 1110800
DAY 22/03/2005:	     64      48       0      12       4 1149196
DAY 23/03/2005:	     50      30       1      14       8 476867
DAY 24/03/2005:	     31      15       0       9       4 252809
DAY 25/03/2005:	     37      20       0      11       5 342955
DAY 26/03/2005:	     41      17       3      20      12 165686
DAY 27/03/2005:	     36      15       0      11       4 240080
DAY 28/03/2005:	    143     106      10      28       9 1920356
DAY 29/03/2005:	    223     196       7      38       7 2423222
DAY 30/03/2005:	    110      93       0      32       6 1988791
CUR 31/03/2005:	      1       0       0       0       0 0
checksum	   2042    1351     170     484     191 22563710

# MONTHLY COUNTERS for the last 12 months
LASTMON: 03/2005
MON 01/2005:	   1715    1318     271     398     120 23189672
MON 02/2005:	   1590     999     220     476     170 16560870
MON 03/2004:	      0       0       0       0       0 0
MON 04/2004:	      0       0       0       0       0 0
MON 05/2004:	      0       0       0       0       0 0
MON 06/2004:	      0       0       0       0       0 0
MON 07/2004:	      0       0       0       0       0 0
MON 08/2004:	      0       0       0       0       0 0
MON 09/2004:	      0       0       0       0       0 0
MON 10/2004:	      0       0       0       0       0 0
MON 11/2004:	      0       0       0       0       0 0
MON 12/2004:	      0       0       0       0       0 0
checksum	   3305    2317     491     874     290 39750544

