# WWW History 2.4
# DAILY COUNTERS for summary period 1-31 Aug 2005
DAY 01/08/2005:	     36       5       1       5       7 1159071
DAY 02/08/2005:	     17       2       0       2       3 12086
DAY 03/08/2005:	     22       5       0       5       6 44824
DAY 04/08/2005:	     24       9       0       9       5 95676
DAY 05/08/2005:	     53       3       0       2       4 37976
DAY 06/08/2005:	     23       8       0       2       4 126982
DAY 07/08/2005:	     24      10       0       2       9 150116
DAY 08/08/2005:	     74      30      15      25      17 482911
DAY 09/08/2005:	     52      35       0      18       6 566988
DAY 10/08/2005:	     64      51       0       5       6 370158
DAY 11/08/2005:	     98      82       0      21       9 1874851
DAY 12/08/2005:	     17       2       0       2       3 11587
DAY 13/08/2005:	     15       1       0       1       2 424
DAY 14/08/2005:	     30      13       0      13       5 143444
DAY 15/08/2005:	     36      22       0       7       6 1538775
DAY 16/08/2005:	     30      14       0       4      12 228891
DAY 17/08/2005:	    103      73      11      33      15 852491
DAY 18/08/2005:	     50      35       1      15       8 643867
DAY 19/08/2005:	     38      23       0       7       7 417571
DAY 20/08/2005:	     36      23       0      17       3 310484
DAY 21/08/2005:	     36      22       0      11       6 426231
DAY 22/08/2005:	     54      35       0       9       8 772407
DAY 23/08/2005:	     51       5       0       4       5 5044835
DAY 24/08/2005:	     39      24       1      12       6 400909
DAY 25/08/2005:	     86      66       5      18       4 6144638
DAY 26/08/2005:	     29      12       0       6       4 218500
DAY 27/08/2005:	     32      19       0      18       2 1346378
DAY 28/08/2005:	     37       8      12      19      18 59937
DAY 29/08/2005:	     49      23       9      27       8 273182
DAY 30/08/2005:	     63      41       6      13       6 860420
CUR 31/08/2005:	      3       1       0       1       1 11142
checksum	   1321     702      61     333     205 24627746

# MONTHLY COUNTERS for the last 12 months
LASTMON: 08/2005
MON 01/2005:	   1715    1318     271     398     120 23189672
MON 02/2005:	   1590     999     220     476     170 16560870
MON 03/2005:	   2062    1358     170     487     192 22700404
MON 04/2005:	   1554     897     101     420     193 14453890
MON 05/2005:	   1570     892     240     403     194 14138647
MON 06/2005:	    957     546      49     234     156 29366896
MON 07/2005:	   1556     826     167     376     231 19339632
MON 08/2004:	      0       0       0       0       0 0
MON 09/2004:	      0       0       0       0       0 0
MON 10/2004:	      0       0       0       0       0 0
MON 11/2004:	      0       0       0       0       0 0
MON 12/2004:	      0       0       0       0       0 0
checksum	  11004    6836    1218    2794    1256 139750016

