# WWW History 2.4
# DAILY COUNTERS for summary period 1-31 May 2006
DAY 01/05/2006:	     53      34       3      13      14 867628
DAY 02/05/2006:	     96      17      66      29       5 260829
DAY 03/05/2006:	    131     105       2      29      17 1334506
DAY 04/05/2006:	     84      57       9      18      13 1895960
DAY 05/05/2006:	     68      54       0       8      10 863830
DAY 06/05/2006:	     31      12       2      14       9 97866
DAY 07/05/2006:	     44      24       2      24      24 1490020
DAY 08/05/2006:	     61      30       3      16      16 698077
DAY 09/05/2006:	     92      66       8      16      19 892037
DAY 10/05/2006:	     76      42       4      12      16 444631
DAY 11/05/2006:	     52      22       4      16      18 320546
DAY 12/05/2006:	    118      66      10      34      22 1812607
DAY 13/05/2006:	     54      43       2      17      12 1011567
DAY 14/05/2006:	     29       6       2       8       8 108884
DAY 15/05/2006:	    129      88       4      39      22 1769053
DAY 16/05/2006:	    173     108      16      54      15 2718510
DAY 17/05/2006:	    193     144       4      60      23 2621993
DAY 18/05/2006:	    149     101       1      47      19 1871855
DAY 19/05/2006:	    103      82       4      18      18 1276782
DAY 20/05/2006:	    113      82       6      19      15 1158184
DAY 21/05/2006:	     94      71       3      20      13 2867098
DAY 22/05/2006:	    167     121       0      18      18 1501730
DAY 23/05/2006:	     41      22       0      12      15 399216
DAY 24/05/2006:	     27       4       7       8       7 37455
DAY 25/05/2006:	     66      53       1       8       7 342705
DAY 26/05/2006:	     88      61       9      20      16 1472302
DAY 27/05/2006:	     48      23       8      11      14 363791
DAY 28/05/2006:	     31      13       3      10      13 287058
DAY 29/05/2006:	     34      20       0       5       6 334823
DAY 30/05/2006:	    116      88       3      46      16 1234981
CUR 31/05/2006:	      0       0       0       0       0 0
checksum	   2561    1659     186     649     440 32356520

# MONTHLY COUNTERS for the last 12 months
LASTMON: 05/2006
MON 01/2006:	   4598    2838     811    1088     416 89242840
MON 02/2006:	   2541    1745     186     643     429 46797512
MON 03/2006:	   2730    1779     251     769     526 68291680
MON 04/2006:	   2808    2006     229     685     466 60178760
MON 05/2005:	   1570     892     240     403     194 14138647
MON 06/2005:	    957     546      49     234     156 29366896
MON 07/2005:	   1556     826     167     376     231 19339632
MON 08/2005:	   1334     703      61     334     205 24639412
MON 09/2005:	   1409     822      24     397     211 19380218
MON 10/2005:	   1564     915      44     433     301 37378704
MON 11/2005:	   3451    2252     603     768     325 85675744
MON 12/2005:	   1868    1040      95     472     314 49045136
checksum	  26386   16364    2760    6602    3774 543475184

