# WWW History 2.4
# DAILY COUNTERS for summary period 1-31 Dec 2006
DAY 01/12/2006:	    116      87       1      24      18 2264133
DAY 02/12/2006:	    114      89       2      63      24 1334587
DAY 03/12/2006:	    112      81       3      44      21 1434934
DAY 04/12/2006:	    101      68       2      24      20 1366223
DAY 05/12/2006:	    158     118       7      47      31 1778557
DAY 06/12/2006:	    112      83       5      35      22 1981573
DAY 07/12/2006:	    205     172      14      51      20 4328514
DAY 08/12/2006:	    133      68       7      53      46 1355849
DAY 09/12/2006:	    176      29      11      30      29 424980
DAY 10/12/2006:	     99      63       4      24      23 1139539
DAY 11/12/2006:	     84      45      18      25      25 865318
DAY 12/12/2006:	    109      49      24      38      37 5870383
DAY 13/12/2006:	     90      52       3      28      35 10849691
DAY 14/12/2006:	    236     151      47      79      41 3081006
DAY 15/12/2006:	    106      53      16      31      30 9872939
DAY 16/12/2006:	     76      39       6      27      26 4898929
DAY 17/12/2006:	    181      73      10      49      38 5188747
DAY 18/12/2006:	     68      31      11      32      27 528585
DAY 19/12/2006:	    110      54      16      49      34 839344
DAY 20/12/2006:	     96      55      10      38      28 1132329
DAY 21/12/2006:	    155      62       7      29      36 884538
DAY 22/12/2006:	     71      32       9      32      24 449387
DAY 23/12/2006:	     94      45      14      49      34 760941
DAY 24/12/2006:	    135      35       8      38      22 673286
DAY 25/12/2006:	     66      31       6      27      20 506480
DAY 26/12/2006:	     80      39      14      24      18 1051515
DAY 27/12/2006:	    101      56      11      30      28 1773845
DAY 28/12/2006:	     77      35      18      22      21 614555
DAY 29/12/2006:	     52      14      12      25      23 178988
DAY 30/12/2006:	     47      18       1      18      12 3378096
CUR 31/12/2006:	      4       1       1       2       3 22224
checksum	   3364    1828     318    1087     816 70829888

# MONTHLY COUNTERS for the last 12 months
LASTMON: 12/2006
MON 01/2006:	   4598    2838     811    1088     416 89242840
MON 02/2006:	   2541    1745     186     643     429 46797512
MON 03/2006:	   2730    1779     251     769     526 68291680
MON 04/2006:	   2808    2006     229     685     466 60178760
MON 05/2006:	   2642    1708     192     662     450 35182564
MON 06/2006:	   2757    1794     217     739     486 54111740
MON 07/2006:	   2242    1379     164     724     467 40827096
MON 08/2006:	   2496    1749     167     637     433 45396144
MON 09/2006:	   3520    2575     137     900     598 70906408
MON 10/2006:	   3649    2685     128    1390     511 63750532
MON 11/2006:	   3313    2287     150    1018     551 72498144
MON 12/2005:	   1868    1040      95     472     314 49045136
checksum	  35164   23585    2727    9727    5647 696228624

