# WWW History 2.4
# DAILY COUNTERS for summary period 1-31 Oct 2005
DAY 01/10/2005:	     33      10       9      18      14 114488
DAY 02/10/2005:	     39      21       0      21       8 226709
DAY 03/10/2005:	     33      16       0      16       5 168386
DAY 04/10/2005:	     31      16       0       5       6 1375510
DAY 05/10/2005:	     80      62       0      16       5 5312714
DAY 06/10/2005:	     27      14       0       4       3 225318
DAY 07/10/2005:	     41      28       0       5       5 639322
DAY 08/10/2005:	     23       7       0       7       4 58419
DAY 09/10/2005:	     31      12       0       6       7 182889
DAY 10/10/2005:	     33      15       0       9       7 250800
DAY 11/10/2005:	     42      26       0       7       4 484607
DAY 12/10/2005:	     72      39      12      29      20 639242
DAY 13/10/2005:	     33      17       0       6       8 370337
DAY 14/10/2005:	    134     109       0      20      24 13085108
DAY 15/10/2005:	     27      12       0       8       5 180035
DAY 16/10/2005:	     33      16       0      16       6 175153
DAY 17/10/2005:	     63      45       1      32      10 675472
DAY 18/10/2005:	     28      12       0       6       6 187304
DAY 19/10/2005:	     18       5       0       4       4 1158795
DAY 20/10/2005:	     25      11       0       5       3 183573
DAY 21/10/2005:	     17       4       0       4       3 22080
DAY 22/10/2005:	     54      28       6      27      12 5398443
DAY 23/10/2005:	     39      13      12      19      15 193379
DAY 24/10/2005:	     62      38       4      16      10 789567
DAY 25/10/2005:	     80      59       0      24      16 993078
DAY 26/10/2005:	     70      57       0      15      27 808736
DAY 27/10/2005:	     80      57       0      29      14 968614
DAY 28/10/2005:	     56      34       0      13      14 601873
DAY 29/10/2005:	     30      15       0      11       5 171589
DAY 30/10/2005:	     76      61       0      11      16 767916
CUR 31/10/2005:	      1       1       0       1       1 8140
checksum	   1411     860      44     410     287 36417524

# MONTHLY COUNTERS for the last 12 months
LASTMON: 10/2005
MON 01/2005:	   1715    1318     271     398     120 23189672
MON 02/2005:	   1590     999     220     476     170 16560870
MON 03/2005:	   2062    1358     170     487     192 22700404
MON 04/2005:	   1554     897     101     420     193 14453890
MON 05/2005:	   1570     892     240     403     194 14138647
MON 06/2005:	    957     546      49     234     156 29366896
MON 07/2005:	   1556     826     167     376     231 19339632
MON 08/2005:	   1334     703      61     334     205 24639412
MON 09/2005:	   1409     822      24     397     211 19380218
MON 10/2004:	      0       0       0       0       0 0
MON 11/2004:	      0       0       0       0       0 0
MON 12/2004:	      0       0       0       0       0 0
checksum	  13747    8361    1303    3525    1672 183769648

