# WWW History 2.4
# DAILY COUNTERS for summary period 1-31 Jul 2007
DAY 01/07/2007:	    126      89       2      34      25 13799461
DAY 02/07/2007:	    289     153      32      51      41 29558986
DAY 03/07/2007:	    189      86      13      56      45 18520192
DAY 04/07/2007:	    135      54      17      46      32 10832499
DAY 05/07/2007:	    264     153      22      69      64 18884156
DAY 06/07/2007:	    126      67      22      45      43 9412244
DAY 07/07/2007:	    130      40      25      39      46 19954608
DAY 08/07/2007:	    146      94      14      63      35 10668355
DAY 09/07/2007:	    204     131       8      35      45 22267888
DAY 10/07/2007:	    202     148       9      52      62 25178080
DAY 11/07/2007:	    196      72       5      33      31 16189592
DAY 12/07/2007:	    179     116       8      38      42 22626170
DAY 13/07/2007:	    333     224       3      68      53 29853118
DAY 14/07/2007:	    195      80      11      39      54 25961526
DAY 15/07/2007:	    135      68       3      24      48 26251384
DAY 16/07/2007:	    252     122      28      39      46 43424932
DAY 17/07/2007:	    225     158       4      59      54 35536472
DAY 18/07/2007:	    243     112       2      29      42 25286966
DAY 19/07/2007:	    203     156       5      54      57 19615498
DAY 20/07/2007:	     89      37      17      32      35 11401622
DAY 21/07/2007:	    129      71       5      45      48 9559268
DAY 22/07/2007:	    168     105      16      43      58 25086208
DAY 23/07/2007:	    391     181       5      47      68 61941920
DAY 24/07/2007:	    232     178      16      48      44 29905460
DAY 25/07/2007:	    388     181      26      52      47 28859304
DAY 26/07/2007:	    207     110      11      26      40 30895760
DAY 27/07/2007:	    186     124       7      44      65 42299400
DAY 28/07/2007:	    258      94       5      35      47 26213426
DAY 29/07/2007:	    185     140       3      41      49 38864920
DAY 30/07/2007:	    128      72      22      32      36 16489099
CUR 31/07/2007:	     11       6       0       5       4 62183
checksum	   6144    3422     366    1323    1406 745401088

# MONTHLY COUNTERS for the last 12 months
LASTMON: 07/2007
MON 01/2007:	   3646    2295     332     995     811 75101480
MON 02/2007:	   3258    2042     327     881     590 65000064
MON 03/2007:	   4988    2972     814    1313     810 134339520
MON 04/2007:	   5014    3500     377    1300     732 282003584
MON 05/2007:	   5232    3356     727    1247     837 252911232
MON 06/2007:	   4994    3297     372    1526    1044 325461888
MON 07/2006:	   2242    1379     164     724     467 40827096
MON 08/2006:	   2496    1749     167     637     433 45396144
MON 09/2006:	   3520    2575     137     900     598 70906408
MON 10/2006:	   3649    2685     128    1390     511 63750532
MON 11/2006:	   3313    2287     150    1018     551 72498144
MON 12/2006:	   3430    1858     325    1114     835 71436520
checksum	  45782   29995    4020   13045    8219 1499632616

