# WWW History 2.4
# DAILY COUNTERS for summary period 1-30 Apr 2006
DAY 01/04/2006:	     50      37       3       8       7 782927
DAY 02/04/2006:	     96      77       0      25      14 2311118
DAY 03/04/2006:	     71      54       2      13      15 961037
DAY 04/04/2006:	    134      97       8      45      17 2302157
DAY 05/04/2006:	     42      20       2      15      23 1734667
DAY 06/04/2006:	     88      65       1      42      19 1013808
DAY 07/04/2006:	     27       9       3       7      10 115203
DAY 08/04/2006:	     36      16       2      12      15 5241505
DAY 09/04/2006:	     37      14       4      10       9 191468
DAY 10/04/2006:	    117      92      13      32      30 2561205
DAY 11/04/2006:	     92      59      22      18      10 821174
DAY 12/04/2006:	     51      19      11      23      16 193684
DAY 13/04/2006:	    136     115       6      24       7 7597305
DAY 14/04/2006:	     38      23       1      12      17 493003
DAY 15/04/2006:	     31      15       2       6       9 228836
DAY 16/04/2006:	     91      73       1      36      19 1500909
DAY 17/04/2006:	    169     132       2      31      14 8090127
DAY 18/04/2006:	    283     206      56      44      15 5327736
DAY 19/04/2006:	     76      45       6      19      28 811544
DAY 20/04/2006:	    124      78      19      43      16 2435670
DAY 21/04/2006:	     74      53       8      14      10 1230831
DAY 22/04/2006:	     98      67      15      27      10 1920272
DAY 23/04/2006:	     44      23       1       3       7 113024
DAY 24/04/2006:	     97      70      10      18      17 1154980
DAY 25/04/2006:	    130     109       1      35      24 2167943
DAY 26/04/2006:	    170     137       6      38      29 3393965
DAY 27/04/2006:	    143     110      12      28      17 1171439
DAY 28/04/2006:	    144     106       7      34      17 2079477
DAY 29/04/2006:	     66      51       0       8       9 1529627
CUR 30/04/2006:	      0       0       0       0       0 0
checksum	   2755    1972     224     670     450 59476564

# MONTHLY COUNTERS for the last 12 months
LASTMON: 04/2006
MON 01/2006:	   4598    2838     811    1088     416 89242840
MON 02/2006:	   2541    1745     186     643     429 46797512
MON 03/2006:	   2730    1779     251     769     526 68291680
MON 04/2005:	   1554     897     101     420     193 14453890
MON 05/2005:	   1570     892     240     403     194 14138647
MON 06/2005:	    957     546      49     234     156 29366896
MON 07/2005:	   1556     826     167     376     231 19339632
MON 08/2005:	   1334     703      61     334     205 24639412
MON 09/2005:	   1409     822      24     397     211 19380218
MON 10/2005:	   1564     915      44     433     301 37378704
MON 11/2005:	   3451    2252     603     768     325 85675744
MON 12/2005:	   1868    1040      95     472     314 49045136
checksum	  25132   15255    2632    6337    3501 497750320

