# WWW History 2.4
# DAILY COUNTERS for summary period 1-30 Apr 2007
DAY 01/04/2007:	    352     255      14      66      42 13993345
DAY 02/04/2007:	    159     123       6      43      40 2496753
DAY 03/04/2007:	    123      87       6      57      21 4476044
DAY 04/04/2007:	    116      73      11      50      27 4299559
DAY 05/04/2007:	    127      91       8      62      16 2717077
DAY 06/04/2007:	     47      23       3      19      11 499767
DAY 07/04/2007:	     45      25       0      10       9 1676917
DAY 08/04/2007:	     76      44       3      30      18 943940
DAY 09/04/2007:	     62      41       1      15      12 4206470
DAY 10/04/2007:	    306     161      54      55      30 6907197
DAY 11/04/2007:	     93      54      14      25      37 866673
DAY 12/04/2007:	    156     118       3      46      26 10265350
DAY 13/04/2007:	    102      61      11      33      23 1443400
DAY 14/04/2007:	    102      76       1      24      21 1155924
DAY 15/04/2007:	    194     151       7      66      28 6948665
DAY 16/04/2007:	    180     123      24      45      28 3843526
DAY 17/04/2007:	    248     179      34      52      27 15230080
DAY 18/04/2007:	    300     193      33      64      22 30173912
DAY 19/04/2007:	    189     154       1      46      23 23431144
DAY 20/04/2007:	    263     156       7      62      28 18406408
DAY 21/04/2007:	     65      36       6      20      15 1231926
DAY 22/04/2007:	    109      86       1      22      15 10919578
DAY 23/04/2007:	    127      95       5      28      24 4742411
DAY 24/04/2007:	    234     185      27      61      20 15908022
DAY 25/04/2007:	    114      88       1      33      16 8882309
DAY 26/04/2007:	    187     142      10      54      28 22069748
DAY 27/04/2007:	    370     309      19      75      40 14876250
DAY 28/04/2007:	     96      61       1      30      22 8835197
DAY 29/04/2007:	    116      46       5      33      25 1710071
CUR 30/04/2007:	     12      10       0       2       2 147895
checksum	   4670    3246     316    1228     696 243306560

# MONTHLY COUNTERS for the last 12 months
LASTMON: 04/2007
MON 01/2007:	   3646    2295     332     995     811 75101480
MON 02/2007:	   3258    2042     327     881     590 65000064
MON 03/2007:	   4988    2972     814    1313     810 134339520
MON 04/2006:	   2808    2006     229     685     466 60178760
MON 05/2006:	   2642    1708     192     662     450 35182564
MON 06/2006:	   2757    1794     217     739     486 54111740
MON 07/2006:	   2242    1379     164     724     467 40827096
MON 08/2006:	   2496    1749     167     637     433 45396144
MON 09/2006:	   3520    2575     137     900     598 70906408
MON 10/2006:	   3649    2685     128    1390     511 63750532
MON 11/2006:	   3313    2287     150    1018     551 72498144
MON 12/2006:	   3430    1858     325    1114     835 71436520
checksum	  38749   25350    3182   11058    7008 788728936

