# WWW History 2.4
# DAILY COUNTERS for summary period 1-30 Jun 2007
DAY 01/06/2007:	    121      81      12      30      34 5714213
DAY 02/06/2007:	     71      25      23      19      17 2549556
DAY 03/06/2007:	    154     100      19      42      25 16313846
DAY 04/06/2007:	    192      93      33      45      50 2716285
DAY 05/06/2007:	    107      73       3      55      25 1608322
DAY 06/06/2007:	    101      71       6      21      18 7184025
DAY 07/06/2007:	    186      93       3      21      29 5159074
DAY 08/06/2007:	    347     234      18      68      46 23315976
DAY 09/06/2007:	     80      45      11      25      23 3766475
DAY 10/06/2007:	    104      64       9      43      34 4819081
DAY 11/06/2007:	    269     214      13      54      38 19005952
DAY 12/06/2007:	    159     116       6      47      59 12576948
DAY 13/06/2007:	    168     105       6      40      33 15939271
DAY 14/06/2007:	    239     182      10      67      50 25994110
DAY 15/06/2007:	    186     122      23      80      46 11744471
DAY 16/06/2007:	    160     115      11      57      62 8506738
DAY 17/06/2007:	     68      43       3      45      13 511319
DAY 18/06/2007:	    301     255      16      87      23 30388556
DAY 19/06/2007:	    156     102      19      77      44 10945217
DAY 20/06/2007:	    223     131       4      72      32 10824832
DAY 21/06/2007:	    165     121      12      53      26 8492332
DAY 22/06/2007:	    132      81      21      72      50 7102277
DAY 23/06/2007:	    105      68      11      54      23 4065389
DAY 24/06/2007:	    232     140      13      77      45 4749080
DAY 25/06/2007:	     97      59      10      40      18 3516553
DAY 26/06/2007:	    178     129       4      47      26 18101920
DAY 27/06/2007:	    207      99       6      50      31 18960828
DAY 28/06/2007:	    254     213       3      64      36 26847620
DAY 29/06/2007:	    137      77      27      46      53 9239640
CUR 30/06/2007:	     12       9       1       1       2 133491
checksum	   4911    3260     356    1499    1011 320795872

# MONTHLY COUNTERS for the last 12 months
LASTMON: 06/2007
MON 01/2007:	   3646    2295     332     995     811 75101480
MON 02/2007:	   3258    2042     327     881     590 65000064
MON 03/2007:	   4988    2972     814    1313     810 134339520
MON 04/2007:	   5014    3500     377    1300     732 282003584
MON 05/2007:	   5232    3356     727    1247     837 252911232
MON 06/2006:	   2757    1794     217     739     486 54111740
MON 07/2006:	   2242    1379     164     724     467 40827096
MON 08/2006:	   2496    1749     167     637     433 45396144
MON 09/2006:	   3520    2575     137     900     598 70906408
MON 10/2006:	   3649    2685     128    1390     511 63750532
MON 11/2006:	   3313    2287     150    1018     551 72498144
MON 12/2006:	   3430    1858     325    1114     835 71436520
checksum	  43545   28492    3865   12258    7661 1228282600

