# WWW History 2.4
# DAILY COUNTERS for summary period 1-31 Mar 2006
DAY 01/03/2006:	     71      56       0      14      13 1255532
DAY 02/03/2006:	    113      92       5      33      19 7539713
DAY 03/03/2006:	     66      46       5      19      15 483618
DAY 04/03/2006:	     71      44       8      15      11 1148203
DAY 05/03/2006:	     59      43       1      16      11 1036795
DAY 06/03/2006:	     59      33       7      19      17 768131
DAY 07/03/2006:	     58      27      10      28      26 544803
DAY 08/03/2006:	     35      17       3       9       8 269336
DAY 09/03/2006:	     53      35       1      13      15 775425
DAY 10/03/2006:	     77      52       5      19      16 2834525
DAY 11/03/2006:	     86      59       6      48      18 937220
DAY 12/03/2006:	     78      55       4      29      14 985047
DAY 13/03/2006:	    105      71       8      28      30 6577037
DAY 14/03/2006:	     97      76       8      16      12 1740564
DAY 15/03/2006:	    103      39       2      26      19 655290
DAY 16/03/2006:	     94      52       9      19      24 682871
DAY 17/03/2006:	     98      64       3      25      19 1404280
DAY 18/03/2006:	     93      68       3      27      15 2669310
DAY 19/03/2006:	     97      45      33      27      17 958796
DAY 20/03/2006:	     67      41       5      28      18 815557
DAY 21/03/2006:	    102      53      22      39      39 993019
DAY 22/03/2006:	     90      66       2      21      21 1995339
DAY 23/03/2006:	     41      21       2      10      11 354560
DAY 24/03/2006:	    167     126       5      56      16 3256221
DAY 25/03/2006:	     72      48       2      39      16 5852410
DAY 26/03/2006:	     53      17       6       7      10 410170
DAY 27/03/2006:	    210     155      36      45      22 8460629
DAY 28/03/2006:	     89      58      18      20      13 5433883
DAY 29/03/2006:	    104      73      10      22      13 3505072
DAY 30/03/2006:	     59      38       4      19      12 708141
CUR 31/03/2006:	      2       1       0       1       0 7322
checksum	   2569    1671     233     737     510 65058792

# MONTHLY COUNTERS for the last 12 months
LASTMON: 03/2006
MON 01/2006:	   4598    2838     811    1088     416 89242840
MON 02/2006:	   2541    1745     186     643     429 46797512
MON 03/2005:	   2062    1358     170     487     192 22700404
MON 04/2005:	   1554     897     101     420     193 14453890
MON 05/2005:	   1570     892     240     403     194 14138647
MON 06/2005:	    957     546      49     234     156 29366896
MON 07/2005:	   1556     826     167     376     231 19339632
MON 08/2005:	   1334     703      61     334     205 24639412
MON 09/2005:	   1409     822      24     397     211 19380218
MON 10/2005:	   1564     915      44     433     301 37378704
MON 11/2005:	   3451    2252     603     768     325 85675744
MON 12/2005:	   1868    1040      95     472     314 49045136
checksum	  24464   14834    2551    6055    3167 452159024

