# WWW History 2.4
# DAILY COUNTERS for summary period 1-31 Jan 2005
DAY 01/01/2005:	      0       0       0       0       0 0
DAY 02/01/2005:	      0       0       0       0       0 0
DAY 03/01/2005:	      0       0       0       0       0 0
DAY 04/01/2005:	      0       0       0       0       0 0
DAY 05/01/2005:	      0       0       0       0       0 0
DAY 06/01/2005:	      0       0       0       0       0 0
DAY 07/01/2005:	      0       0       0       0       0 0
DAY 08/01/2005:	      0       0       0       0       0 0
DAY 09/01/2005:	      0       0       0       0       0 0
DAY 10/01/2005:	      0       0       0       0       0 0
DAY 11/01/2005:	      0       0       0       0       0 0
DAY 12/01/2005:	      0       0       0       0       0 0
DAY 13/01/2005:	      0       0       0       0       0 0
DAY 14/01/2005:	      0       0       0       0       0 0
DAY 15/01/2005:	      0       0       0       0       0 0
DAY 16/01/2005:	      0       0       0       0       0 0
DAY 17/01/2005:	      0       0       0       0       0 0
DAY 18/01/2005:	      0       0       0       0       0 0
DAY 19/01/2005:	    494     372     106     106      28 5576623
DAY 20/01/2005:	    396     351      18      76      10 6994232
DAY 21/01/2005:	     78      75       0      16       3 1319085
DAY 22/01/2005:	     61      59       0      27       5 1111165
DAY 23/01/2005:	     29      25       0      10       5 485622
DAY 24/01/2005:	    175     109      59      51       7 1834019
DAY 25/01/2005:	     48      45       0      11       7 871391
DAY 26/01/2005:	     52      33      16      15       5 691737
DAY 27/01/2005:	    208     127      66      39      12 2288716
DAY 28/01/2005:	    117      87       0      22      23 1573567
DAY 29/01/2005:	     20      10       6      10       4 101777
DAY 30/01/2005:	     21      18       0       8       4 285427
CUR 31/01/2005:	      0       0       0       0       0 0
checksum	   1699    1311     271     391     113 23133334

# MONTHLY COUNTERS for the last 12 months
LASTMON: 01/2005
MON 01/2004:	      0       0       0       0       0 0
MON 02/2004:	      0       0       0       0       0 0
MON 03/2004:	      0       0       0       0       0 0
MON 04/2004:	      0       0       0       0       0 0
MON 05/2004:	      0       0       0       0       0 0
MON 06/2004:	      0       0       0       0       0 0
MON 07/2004:	      0       0       0       0       0 0
MON 08/2004:	      0       0       0       0       0 0
MON 09/2004:	      0       0       0       0       0 0
MON 10/2004:	      0       0       0       0       0 0
MON 11/2004:	      0       0       0       0       0 0
MON 12/2004:	      0       0       0       0       0 0
checksum	      0       0       0       0       0 0

