# WWW History 2.4
# DAILY COUNTERS for summary period 1-30 Jun 2006
DAY 01/06/2006:	    229     198       4      31      21 4400813
DAY 02/06/2006:	     62      45       0      24      22 838390
DAY 03/06/2006:	     44      29       1      12      11 669718
DAY 04/06/2006:	     37      17       2      13      11 1440761
DAY 05/06/2006:	     38      20       4      11      13 5398701
DAY 06/06/2006:	     61      44       0      14      12 882823
DAY 07/06/2006:	     65      46       5      15       9 983976
DAY 08/06/2006:	    132      12      83      15      11 177229
DAY 09/06/2006:	    129     107       1      23      13 3648852
DAY 10/06/2006:	     63       6      10       9      11 101589
DAY 11/06/2006:	    142      93       0      31      16 1686383
DAY 12/06/2006:	    144     115       5      41      17 2800569
DAY 13/06/2006:	     49      31       2      12      14 594262
DAY 14/06/2006:	    108      66      21      26      16 2071834
DAY 15/06/2006:	    126      97       3      56      17 2159732
DAY 16/06/2006:	     62      44       2      18      24 596701
DAY 17/06/2006:	     48      33       1      23       9 527225
DAY 18/06/2006:	    137     107       4      40      18 1542422
DAY 19/06/2006:	     91      59      17      12       9 2089483
DAY 20/06/2006:	     98      73       5      27      37 1877758
DAY 21/06/2006:	     62      38       5      23      20 559486
DAY 22/06/2006:	     54      34       6      36      10 479783
DAY 23/06/2006:	    146     103       6      29      17 6395051
DAY 24/06/2006:	     76      44      11      35      22 846681
DAY 25/06/2006:	     40      20       1      21      15 299304
DAY 26/06/2006:	    149      84       2      41      18 1787743
DAY 27/06/2006:	    125      96       3      38      31 6386724
DAY 28/06/2006:	     96      48       7      25      17 938744
DAY 29/06/2006:	     84      64       1      17       9 1678724
CUR 30/06/2006:	      9       5       1       6       4 47765
checksum	   2706    1778     213     724     474 53909196

# MONTHLY COUNTERS for the last 12 months
LASTMON: 06/2006
MON 01/2006:	   4598    2838     811    1088     416 89242840
MON 02/2006:	   2541    1745     186     643     429 46797512
MON 03/2006:	   2730    1779     251     769     526 68291680
MON 04/2006:	   2808    2006     229     685     466 60178760
MON 05/2006:	   2642    1708     192     662     450 35182564
MON 06/2005:	    957     546      49     234     156 29366896
MON 07/2005:	   1556     826     167     376     231 19339632
MON 08/2005:	   1334     703      61     334     205 24639412
MON 09/2005:	   1409     822      24     397     211 19380218
MON 10/2005:	   1564     915      44     433     301 37378704
MON 11/2005:	   3451    2252     603     768     325 85675744
MON 12/2005:	   1868    1040      95     472     314 49045136
checksum	  27458   17180    2712    6861    4030 564519088

