# WWW History 2.4
# DAILY COUNTERS for summary period 1-31 Jul 2006
DAY 01/07/2006:	     59      31       5      35      20 490309
DAY 02/07/2006:	     92      56       3      39      24 1325432
DAY 03/07/2006:	     47      27       0      21       9 1652685
DAY 04/07/2006:	     49      13      12      20      14 265416
DAY 05/07/2006:	     42       6       1       6       7 82309
DAY 06/07/2006:	    143     107      19      40      17 1889575
DAY 07/07/2006:	     62      39       5      16      13 981966
DAY 08/07/2006:	     62      33       8      19      22 609021
DAY 09/07/2006:	     68      44       5      30      18 821415
DAY 10/07/2006:	     68      50       0      13      17 1143458
DAY 11/07/2006:	     71      30       2      15      13 625519
DAY 12/07/2006:	     34      17       1      13      10 348221
DAY 13/07/2006:	     86      62       2      34      21 1556755
DAY 14/07/2006:	    100      72       8      26      18 6273767
DAY 15/07/2006:	     81      36       1      36      20 561412
DAY 16/07/2006:	     35      21       0       8       9 375432
DAY 17/07/2006:	     78      38      21      17      20 1902780
DAY 18/07/2006:	     47      28       2      25      18 461079
DAY 19/07/2006:	     55      34       6      13      17 736565
DAY 20/07/2006:	     56      33       3      13      22 816312
DAY 21/07/2006:	     65      19       0      19      10 211072
DAY 22/07/2006:	    104      58       2      23      11 2015207
DAY 23/07/2006:	     61      20      23      30       9 347278
DAY 24/07/2006:	     67      51       3      36       8 909570
DAY 25/07/2006:	     91      75       4      36      18 1620563
DAY 26/07/2006:	    236     203       5      55      15 4747630
DAY 27/07/2006:	     64      41       6      28      19 928844
DAY 28/07/2006:	     50      34       1      10       9 265166
DAY 29/07/2006:	     44      24       2      21      11 429381
DAY 30/07/2006:	     49      30       4      11      15 590442
CUR 31/07/2006:	      0       0       0       0       0 0
checksum	   2166    1332     154     708     454 34984560

# MONTHLY COUNTERS for the last 12 months
LASTMON: 07/2006
MON 01/2006:	   4598    2838     811    1088     416 89242840
MON 02/2006:	   2541    1745     186     643     429 46797512
MON 03/2006:	   2730    1779     251     769     526 68291680
MON 04/2006:	   2808    2006     229     685     466 60178760
MON 05/2006:	   2642    1708     192     662     450 35182564
MON 06/2006:	   2757    1794     217     739     486 54111740
MON 07/2005:	   1556     826     167     376     231 19339632
MON 08/2005:	   1334     703      61     334     205 24639412
MON 09/2005:	   1409     822      24     397     211 19380218
MON 10/2005:	   1564     915      44     433     301 37378704
MON 11/2005:	   3451    2252     603     768     325 85675744
MON 12/2005:	   1868    1040      95     472     314 49045136
checksum	  29258   18428    2880    7366    4360 589263888

