# WWW History 2.4
# DAILY COUNTERS for summary period 1-31 Jul 2005
DAY 01/07/2005:	     39      24       0       8       8 452969
DAY 02/07/2005:	     48      16       9      18      15 233322
DAY 03/07/2005:	     39      15       6      15       7 154617
DAY 04/07/2005:	     32      14       0       7       8 1355251
DAY 05/07/2005:	     13       1       0       1       1 204
DAY 06/07/2005:	    142      85      13      20       8 1474565
DAY 07/07/2005:	     29      11       6       5       5 171095
DAY 08/07/2005:	     19       6       0       3       3 67770
DAY 09/07/2005:	     18       5       0       5       3 48681
DAY 10/07/2005:	     21       2       0       2       3 12268
DAY 11/07/2005:	     35      20       0       5       8 424059
DAY 12/07/2005:	     61      38       0      13      21 349398
DAY 13/07/2005:	    154     131       5      32      15 1248671
DAY 14/07/2005:	    144     113       0      32      15 1222469
DAY 15/07/2005:	     24      10       0       4       4 172038
DAY 16/07/2005:	     37      18       0       4       4 396356
DAY 17/07/2005:	     44      29       0      29       6 311664
DAY 18/07/2005:	     29      10       0       9      11 1245470
DAY 19/07/2005:	    201      79     101      38       9 6447323
DAY 20/07/2005:	     47      29       0      19       8 442283
DAY 21/07/2005:	     16       3       0       3       3 18008
DAY 22/07/2005:	     13       1       0       1       1 204
DAY 23/07/2005:	     34      11       0       5       5 176828
DAY 24/07/2005:	     16       3       0       3       2 19898
DAY 25/07/2005:	    100      79       6      19       8 1431267
DAY 26/07/2005:	     22       8       0       8       7 60305
DAY 27/07/2005:	     28      15       0       7       4 253439
DAY 28/07/2005:	     51      18      12      25      21 206578
DAY 29/07/2005:	     18       4       0       4       6 24780
DAY 30/07/2005:	     38      11       9      19       7 688393
CUR 31/07/2005:	      3       1       0       1       1 204
checksum	   1515     810     167     364     227 19110364

# MONTHLY COUNTERS for the last 12 months
LASTMON: 07/2005
MON 01/2005:	   1715    1318     271     398     120 23189672
MON 02/2005:	   1590     999     220     476     170 16560870
MON 03/2005:	   2062    1358     170     487     192 22700404
MON 04/2005:	   1554     897     101     420     193 14453890
MON 05/2005:	   1570     892     240     403     194 14138647
MON 06/2005:	    957     546      49     234     156 29366896
MON 07/2004:	      0       0       0       0       0 0
MON 08/2004:	      0       0       0       0       0 0
MON 09/2004:	      0       0       0       0       0 0
MON 10/2004:	      0       0       0       0       0 0
MON 11/2004:	      0       0       0       0       0 0
MON 12/2004:	      0       0       0       0       0 0
checksum	   9448    6010    1051    2418    1025 120410384

