# WWW History 2.4
# DAILY COUNTERS for summary period 1-30 Nov 2006
DAY 01/11/2006:	    131     109       1      54      21 11490567
DAY 02/11/2006:	    187     146       3      69      17 8136158
DAY 03/11/2006:	     25      11       2       7       5 1473644
DAY 04/11/2006:	     42      29       0      21       8 549833
DAY 05/11/2006:	    155     122       9      41      19 2421842
DAY 06/11/2006:	    155     126       2      36      31 1840483
DAY 07/11/2006:	    119      89       4      42      17 6338768
DAY 08/11/2006:	    179     144       6      74      33 2582515
DAY 09/11/2006:	    111      88       3      30      28 2096042
DAY 10/11/2006:	    113      30       3      20      17 437342
DAY 11/11/2006:	     54      33       2      20      12 488914
DAY 12/11/2006:	     95      60       6      31      18 1158287
DAY 13/11/2006:	     54      25       6      16      16 690953
DAY 14/11/2006:	     90      66       3      35      15 4139466
DAY 15/11/2006:	    189     155       4      46      20 8355673
DAY 16/11/2006:	    106      82       2      27      22 2011078
DAY 17/11/2006:	     52      21       9      16      12 1550300
DAY 18/11/2006:	     70      39       8      23      14 424448
DAY 19/11/2006:	     97      33       4      27      23 755770
DAY 20/11/2006:	     99      72       2      24      14 1414877
DAY 21/11/2006:	    139      90       5      44      30 1801529
DAY 22/11/2006:	    113      84       6      46      17 1174872
DAY 23/11/2006:	     67      31       4      22      19 468500
DAY 24/11/2006:	    100      66       1      24      19 807816
DAY 25/11/2006:	     82      43       5      33      16 820866
DAY 26/11/2006:	     97      72       3      27      12 1828903
DAY 27/11/2006:	    123      76       6      30      18 1543292
DAY 28/11/2006:	    162     132       6      48      20 2065421
DAY 29/11/2006:	    171     133       7      45      21 2344138
CUR 30/11/2006:	     10       2       5       7       2 18905
checksum	   3187    2209     127     985     536 71230944

# MONTHLY COUNTERS for the last 12 months
LASTMON: 11/2006
MON 01/2006:	   4598    2838     811    1088     416 89242840
MON 02/2006:	   2541    1745     186     643     429 46797512
MON 03/2006:	   2730    1779     251     769     526 68291680
MON 04/2006:	   2808    2006     229     685     466 60178760
MON 05/2006:	   2642    1708     192     662     450 35182564
MON 06/2006:	   2757    1794     217     739     486 54111740
MON 07/2006:	   2242    1379     164     724     467 40827096
MON 08/2006:	   2496    1749     167     637     433 45396144
MON 09/2006:	   3520    2575     137     900     598 70906408
MON 10/2006:	   3649    2685     128    1390     511 63750532
MON 11/2005:	   3451    2252     603     768     325 85675744
MON 12/2005:	   1868    1040      95     472     314 49045136
checksum	  35302   23550    3180    9477    5421 709406224

