# WWW History 2.4
# DAILY COUNTERS for summary period 1-31 Dec 2007
DAY 01/12/2007:	    125      68       3      17      37 8686212
DAY 02/12/2007:	    183     134       4      53      45 5159975
DAY 03/12/2007:	    167     128       5      33      41 15256997
DAY 04/12/2007:	    185     139       6      84      38 10894629
DAY 05/12/2007:	    461     365      40      99      60 54813256
DAY 06/12/2007:	    294     226       7      57      42 59145248
DAY 07/12/2007:	    217     140      14      53      51 22275500
DAY 08/12/2007:	    145     109       1      42      49 20810726
DAY 09/12/2007:	    164      62       6      32      45 15426622
DAY 10/12/2007:	    367     261      16      60      59 33058196
DAY 11/12/2007:	    317     245      15      70      63 24826260
DAY 12/12/2007:	    296     234      13      68      58 19932968
DAY 13/12/2007:	    328     177      15      48      38 34592640
DAY 14/12/2007:	    216     169       7      72      53 23787476
DAY 15/12/2007:	    260     174      11      49      51 21619304
DAY 16/12/2007:	    158     110      16      35      45 15140556
DAY 17/12/2007:	    262     188      18      47      41 23732856
DAY 18/12/2007:	    129      80       9      30      35 14375146
DAY 19/12/2007:	    259     180      30      82      51 19256536
DAY 20/12/2007:	    243     201      11     110      42 20440088
DAY 21/12/2007:	    155     110      14      37      36 17968880
DAY 22/12/2007:	     92      44       6      21      41 12751899
DAY 23/12/2007:	    117      70       9      45      42 19527248
DAY 24/12/2007:	    167     116       6      59      44 15658132
DAY 25/12/2007:	    418     220      25      89      44 27651640
DAY 26/12/2007:	    182      71      13      39      36 12135459
DAY 27/12/2007:	    147     106      11      55      28 8466452
DAY 28/12/2007:	    180      85      12      53      38 16360685
DAY 29/12/2007:	    168     120       7      55      49 28146608
DAY 30/12/2007:	    432     168       7     104      49 7357657
CUR 31/12/2007:	     58      17       2       5       9 4363532
checksum	   6892    4517     359    1703    1360 633613312

# MONTHLY COUNTERS for the last 12 months
LASTMON: 12/2007
MON 01/2007:	   3646    2295     332     995     811 75101480
MON 02/2007:	   3258    2042     327     881     590 65000064
MON 03/2007:	   4988    2972     814    1313     810 134339520
MON 04/2007:	   5014    3500     377    1300     732 282003584
MON 05/2007:	   5232    3356     727    1247     837 252911232
MON 06/2007:	   4994    3297     372    1526    1044 325461888
MON 07/2007:	   6349    3538     366    1351    1467 768143104
MON 08/2007:	   6981    3810     538    1165    1653 977340352
MON 09/2007:	   4865    3436     156    1128    1189 481259360
MON 10/2007:	   7760    5460     266    1724    1606 733721280
MON 11/2007:	   8498    5645    1226    1908    1328 793484032
MON 12/2006:	   3430    1858     325    1114     835 71436520
checksum	  65015   41209    5826   15652   12902 4960202472

